06 53 63 14 15
06 77 46 21 64
06 55 07 07 77
06 77 56 56 56
06 40 27 21 65
06 72 85 17 40
06 41 25 35 15
06 41 06 62 22
06 56 84 42 52
06 91 94 57 48
06 55 07 07 55
06 41 66 10 66
06 73 17 77 60
06 43 96 71 00
06 72 61 97 07
06 40 74 08 76
06 72 32 50 50
06 88 23 40 31
06 20 06 02 89
06 97 08 28 28
06 56 51 01 53
06 89 60 84 90
06 56 98 21 30
06 83 27 05 38
06 76 42 22 31
06 48 78 28 24
06 45 26 26 25
06 67 920 910
06 37 28 76 84
06 43 71 47 40
06 26 85 14 10
06 99 57 11 26
06 73 19 64 95
06 72 89 31 41
06 56 79 52 11
06 56 79 50 43
06 21 79 17 07
06 24 56 62 61
06 39 23 70 00
06 61 53 06 99
06 21 15 25 40
06 91 14 26 80
06 45 26 59 28
06 45 67 20 82
06 54 95 63 03
06 47 27 77 49
06 93 97 93 70
06 21 71 33 34
06 33 77 86 77
06 78 44 61 61
06 67 59 49 90
06 91 54 43 63
06 53 63 61 20
06 20 30 44 00
06 45 62 80 59
06 91 47 22 50
06 41 36 25 25
06 40 44 90 00
06 62 44 45 95
06 67 58 11 08
06 28 42 94 49
06 53 05 08 11
06 99 31 42 43
06 82 59 86 38
06 23 62 27 66
06 96 75 61 61
06 88 23 77 99
06 80 39 35 47
06 91 46 41 46
06 80 51 71 36
06 56 00 73 87
06 40 08 25 70
06 20 78 81 18
06 41 20 53 80
06 66 87 96 09
06 66 35 56 20
06 41 87 34 20
06 72 32 05 80
06 88 32 66 33
06 72 22 48 16
06 28 03 17 28
06 31 61 19 55
06 81 82 10 50
06 57 92 93 03
06 87 39 46 00
06 40 09 04 10
06 68 58 74 24
06 91 91 00 25
06 50 33 72 24
06 56 34 01 73
06 42 61 58 51
06 49 49 61 20
06 33 91 21 30
06 98 55 47 95
06 46 45 10 64
06 41 72 77 71
06 72 32 50 95
06 88 10 35 60
06 48 74 16 90
06 23 40 10 20
06 44 08 00 15
06 40 79 02 90
06 67 04 60 46
06 45 78 56 23
06 67 28 75 35
06 23 44 69 00
06 22 80 93 72
06 72 53 18 50
06 44 32 30 00
06 42 37 20 00
06 37 37 60 00
06 41 24 82 99
06 32 66 60 42
06 40 74 34 77
06 72 28 93 00
06 44 10 78 10
06 49 76 82 99
06 69 67 77 00
06 31 56 59 55
06 44 41 16 41
06 70 38 89 89
06 56 51 90 30
06 45 22 57 76
06 42 11 10 44
06 73 98 49 60
06 45 58 17 33
06 98 50 84 84
06 35 70 05 05
06 28 38 86 26
06 56 39 81 06
06 42 74 54 84
06 31 53 61 17
06 42 12 77 01
06 45 07 71 83
06 44 01 86 70
06 20 40 00 12
06 72 71 09 28
06 88 23 40 31
06 43 59 80 00
06 51 81 05 00
06 28 36 07 29
06 61 45 19 20
06 20 28 58 58
06 78 58 12 12
06 70 00 04 50
06 80 70 06 53
06 53 35 97 00
06 31 44 39 03
06 31 34 94 49
06 37 48 98 28
06 56 00 02 07
06 88 81 64 51
06 72 02 58 51
06 66 30 40 92
06 63 30 11 30
06 67 45 75 63
06 62 67 19 00
06 67 54 31 61
06 78 52 14 21
06 44 08 00 26
06 99 62 71 58
06 20 29 86 68
06 53 35 97 00
06 67 63 93 59
06 43 59 70 10
06 56 79 52 00
06 75 09 15 72
06 57 10 38 15
06 63 38 60 09
06 67 07 50 00
06 55 87 30 30
06 26 07 81 21
06 53 35 97 00
06 31 82 10 62
06 62 97 32 00
06 99 22 77 22
06 28 44 25 11
06 40 36 19 19
06 92 31 34 59
06 78 25 91 39
06 45 92 66 02
06 99 58 32 85
06 78 29 07 21
06 96 60 65 29
06 71 04 37 35
06 35 14 70 90
06 72 16 48 78
06 96 19 09 10
06 26 89 42 70
06 56 90 00 10
06 40 16 01 21
06 78 42 28 75
06 72 85 72 30
06 72 00 11 71
06 48 90 86 23
06 42 91 88 70
06 62 43 08 01
06 83 30 81 00
06 42 34 97 00
06 20 26 60 74
06 32 74 44 54
06 20 15 16 77
06 56 43 13 13
06 34 52 70 70
06 99 65 50 60
06 20 66 89 90
06 41 11 25 30
06 91 54 06 53
06 42 17 01 70
06 42 17 01 71
06 68 92 53 84
06 73 17 77 60
06 53 82 57 13
06 43 39 39 00
06 72 32 50 97
06 56 12 81 82
06 72 32 51 27
06 47 70 85 03
06 20 90 77 32
06 55 28 82 82
06 42 22 33 16
06 88 14 19 00
06 84 14 03 04
06 75 97 21 30
06 40 72 74 60
06 20 42 78 50
06 47 04 01 96
06 41 16 75 11
06 53 48 41 31
06 73 34 66 86
06 53 47 46 95
06 41 73 20 30
06 76 03 15 99
06 44 67 14 14
06 72 76 52 42
06 99 38 26 46
06 45 70 73 37
06 81 65 33 00
06 78 87 25 25
06 72 71 56 46
06 67 03 49 99
06 99 79 23 79
06 99 30 00 98
06 88 25 88 88
06 56 44 56 22
06 56 07 00 00
06 45 58 17 33
06 31 06 14 50
06 72 77 97 55
06 40 79 38 97
06 20 06 02 89
06 39 50 14 20
06 77 23 63 98
06 26 23 71 50
06 51 89 04 89
06 45 56 15 61
06 98 53 72 91
06 53 35 97 00
06 56 90 00 10
06 31 93 22 43
06 95 08 40 00
06 26 86 64 64
06 66 87 97 59
06 40 50 56 37
06 78 28 38 34
06 83 49 15 10
06 99 05 45 45
06 67 91 31 24
06 99 43 66 54
06 43 75 82 23
06 21 46 55 20
06 53 05 15 61
06 84 23 45 67
06 45 34 01 51
06 46 44 69 35
06 31 46 76 86
06 75 44 12 25
06 67 65 50 85
06 68 67 42 89
06 49 23 75 75
06 98 87 94 93
06 67 81 96 25
06 85 65 15 00
06 94 92 32 84
06 46 93 02 70
06 81 80 32 20
06 42 20 35 53
06 41 96 65 10
06 66 83 50 76
06 59 56 79 76
06 90 48 07 90
06 37 28 74 40
06 47 31 39 39
06 56 90 00 10
06 78 30 10 01
06 72 32 58 99
06 20 57 58 71
06 40 27 25 38
06 53 35 97 00
06 39 44 99 47
06 28 63 76 77
06 72 85 72 24
06 98 42 22 20
06 31 93 09 12
06 90 90 26 11
06 80 22 01 53
06 47 60 26 46
06 91 32 19 29
06 61 39 97 98
06 20 34 35 36
06 87 77 77 80
06 28 01 37 54
06 72 54 70 42
06 61 75 32 32
06 47 40 20 00
06 76 82 60 36
06 73 34 48 00
06 95 32 87 00
06 80 60 56 00
06 78 87 47 47
06 90 17 80 00
06 20 29 87 10
06 81 10 39 43
06 20 81 71 71
06 58 51 52 94
06 58 51 52 96
06 98 14 87 43
06 88 24 88 59
06 42 46 12 91
06 93 53 06 60
06 44 07 91 00
06 94 93 34 56
06 34 30 43 64
06 99 31 12 80
06 48 57 17 59
06 42 22 55 07
06 16 01 00 70
06 49 23 12 12
06 49 23 12 22
06 44 15 67 06
06 90 27 04 23
06 67 63 01 80
06 71 45 46 20
06 73 17 36 10
06 49 61 96 45
06 47 04 95 22
06 79 25 32 54
06 31 53 30 30
06 74 95 24 00
06 61 21 33 11
06 50 87 21 36
06 44 08 00 13
06 56 48 69 60
06 56 44 00 91
06 44 08 00 10
06 22 22 05 66
06 49 33 03 64
06 44 85 59 67
06 76 09 15 72
06 42 91 66 90
06 56 01 22 09
06 44 08 01 37
06 57 57 71 71
06 91 39 52 90
06 41 81 63 66
06 20 74 90 40
06 62 20 08 04
06 69 86 90 41
06 97 42 59 52
06 97 47 66 51
06 54 95 57 41
06 42 22 00 26
06 31 44 34 43
06 45 26 26 25
06 98 44 27 62
06 48 63 12 81
06 78 16 20 00
06 88 65 54 39
06 80 51 71 10
06 61 10 12 20
06 42 24 10 72
06 40 89 95 10
06 63 51 47 47
06 72 10 69 00
06 37 34 42 72
06 26 88 17 44
06 67 61 95 42
06 42 01 16 13
06 72 32 50 40
06 68 56 80 18
06 67 13 75 00
06 91 39 46 91
06 47 20 53 95
06 42 78 51 01
06 40 69 27 54
06 67 60 05 40
06 85 73 23 40
06 44 68 11 47
06 44 41 99 20
06 47 70 37 77
06 91 76 23 64
06 93 94 79 80
06 78 56 35 82
06 48 07 58 48
06 51 82 25 25
06 42 96 64 97
06 93 13 85 80
06 67 54 16 38
06 59 27 34 03
06 43 84 01 32
06 43 35 38 50
06 88 60 16 19
06 40 68 77 77
06 67 60 60 45
06 72 74 04 16
06 65 75 56 68
06 49 88 22 11
06 72 91 36 04
06 88 37 59 00
06 72 02 58 58
06 96 72 73 33
06 70 30 41 46
06 87 39 31 26
06 20 60 65 65
06 45 75 65 75
06 41 79 64 64
06 47 30 43 40
06 90 13 86 46
06 31 94 60 60
06 42 24 82 34
06 23 30 00 11
06 67 72 03 04
06 88 32 45 38
06 59 55 89 55
06 83 35 83 55
06 73 19 53 00
06 42 91 31 20
06 56 49 41 33
06 34 41 53 90
06 97 46 33 80
06 62 26 54 19
06 61 99 53 31
06 35 70 50 41
06 61 19 38 02
06 79 69 28 17
06 70 00 04 10
06 93 29 83 33
06 67 10 57 74
06 67 04 20 01
06 43 70 39 32
06 45 14 64 00
06 57 22 42 42
06 72 74 42 00
06 76 03 74 00
06 83 93 10 40
06 87 39 70 65
06 86 65 60 63
06 84 14 03 29
06 83 64 76 39
06 43 50 25 85
06 30 75 60 50
06 32 92 10 04
06 80 59 20 20
06 73 28 58 50
06 75 82 18 10
06 76 03 00 01
06 72 32 50 53
06 67 08 82 06
06 72 85 73 57
06 53 92 23 00
06 55 99 98 10
06 49 54 28 00
06 68 85 83 75
06 94 64 72 33
06 48 67 55 51
06 37 28 38 00
06 99 84 39 39
06 72 85 71 73
06 26 36 80 00
06 99 67 46 67
06 75 44 42 42
06 68 32 35 33
06 72 32 67 38
06 99 36 64 64
06 44 66 36 12
06 55 90 06 30
06 45 68 06 78
06 45 90 33 30
06 90 93 76 00
06 66 29 74 26
06 84 58 33 10
06 61 36 81 00
06 49 38 08 38
06 61 34 36 36
06 67 36 08 42
06 67 20 20 00
06 20 24 23 23
06 41 17 12 12
06 86 49 26 22
06 30 87 47 83
06 56 79 52 11
06 56 79 50 43
06 68 56 62 20
06 83 64 75 22
06 62 90 78 46
06 96 13 34 00
06 46 47 29 07
06 26 35 61 35
06 83 41 61 60
06 37 84 04 70
06 38 79 24 67
06 42 36 49 09
06 40 29 15 92
06 75 78 50 80
06 92 00 00 92
06 62 71 65 40
06 59 98 40 47
06 51 13 50 70
06 21 19 56 40
06 43 35 44 28
06 42 26 84 26
06 32 83 42 20
06 62 93 10 31
06 49 98 11 11
06 57 83 14 12
06 47 00 17 26
06 42 17 01 60
06 28 76 96 60
06 99 41 74 25
06 31 86 42 56
06 46 20 31 31
06 99 94 75 61
06 61 11 02 60
06 88 22 65 08
06 44 39 45 90
06 45 49 50 50
06 41 17 12 12
06 40 79 38 97
06 23 21 07 07
06 91 18 10 50
06 56 44 80 41
06 99 52 74 00
06 56 00 10 10
06 27 23 73 00
06 69 31 80 82
06 72 15 22 30
06 71 48 35 03
06 78 15 05 05
06 27 81 29 90
06 57 54 02 00
06 43 14 02 22
06 50 33 65 50
06 43 42 43 22
06 43 47 38 62
06 20 28 38 00
06 47 00 06 56
06 45 93 60 70
06 31 47 12 11
06 43 80 38 94
06 41 66 67 66
06 67 10 58 58
06 90 21 06 46
06 53 22 12 00
06 99 64 91 45
06 88 22 13 08
06 67 04 20 01
06 71 63 72 85
06 25 83 11 22
06 72 36 40 02
06 99 14 14 32
06 98 22 27 05
06 87 75 44 11
06 99 05 93 00
06 88 21 44 44
06 64 14 33 00
06 53 98 98 98
06 68 41 76 93
06 85 52 32 02
06 38 22 72 82
06 98 82 07 40
06 97 46 31 00
06 98 29 23 23
06 56 88 38 91
06 50 98 33 06
06 20 34 35 36
06 42 23 16 52
06 66 38 87 00
06 99 75 02 20
06 98 90 19 33
06 72 83 27 27
06 99 05 94 31
06 68 76 31 96
06 67 15 01 66
06 83 95 36 13
06 99 77 01 42
06 20 15 16 77
06 99 65 00 21
06 99 27 41 59
06 98 55 70 40
06 89 60 09 60
06 44 68 10 07
06 44 68 10 08
06 33 80 84 00
06 88 60 79 79
06 61 10 12 20
06 43 46 24 09
06 40 76 60 87
06 40 62 06 00
06 93 68 42 11
06 33 78 86 88
06 26 40 04 01
06 42 24 82 30
06 68 85 82 06
06 76 82 60 00
06 88 32 76 10
06 49 29 00 23
06 43 64 36 64
06 20 74 64 90
06 90 82 15 00
06 53 63 81 81
06 88 23 77 99
06 99 13 63 50
06 47 05 52 84
06 20 54 90 90
06 53 45 50 00
06 40 35 36 37
06 78 78 70 64
06 44 68 11 47
06 42 95 18 65
06 26 86 64 64
06 67 69 06 55
06 20 21 97 80
06 61 23 22 91
06 71 02 01 39
06 49 54 25 25
06 51 81 64 58
06 53 35 97 00
06 33 88 73 33
06 72 74 80 00
06 39 24 62 00
06 67 61 72 80
06 34 45 51 50
06 20 54 32 32
06 30 68 09 10
06 91 26 00 20
06 61 21 31 03
06 98 44 29 33
06 88 37 99 85
06 55 38 48 58
06 53 95 29 29
06 42 20 42 20
06 55 87 25 50
06 87 31 50 30
06 75 81 72 50
06 20 70 06 06
06 23 46 09 88
06 44 09 42 02
06 34 31 35 00
06 68 85 85 00
06 80 67 15 71
06 55 31 67 18
06 32 74 44 63
06 42 93 90 90
06 83 53 39 39
06 93 85 16 67
06 20 90 48 40
06 42 69 00 24
06 78 37 49 74
06 00 60 06 33
06 27 72 00 25
06 40 53 00 44
06 41 86 09 17
06 80 70 06 52
06 40 35 28 82
06 43 91 47 47
06 26 05 94 60
06 90 14 15 90
06 41 81 66 30
06 99 35 46 00
06 42 29 74 72
06 88 10 83 84
06 31 47 47 00
06 48 07 73 50
06 67 16 65 65
06 67 63 93 59
06 89 92 68 09
06 66 38 87 00
06 59 01 00 73
06 25 83 13 00
06 46 06 33 84
06 43 91 47 43
06 99 59 13 10
06 99 51 21 30
06 42 29 74 72
06 39 50 17 94
06 22 71 71 00
06 90 48 33 55
06 53 32 85 70
06 97 83 62 07
06 46 84 11 83
06 37 70 82 12
06 81 90 55 76
06 99 71 60 20
06 55 31 67 24
06 61 56 91 81
06 31 47 33 53
06 67 99 48 10
06 98 00 49 16
06 53 14 59 29
06 45 35 28 28
06 53 35 97 00
06 40 27 25 16
06 85 42 36 86
06 40 33 30 83
06 67 50 58 89
06 56 79 50 80
06 55 43 26 65
06 91 95 50 00
06 26 65 11 75
06 65 77 77 00
06 72 32 51 67
06 56 12 81 95
06 61 15 85 00
06 46 88 80 00
06 72 12 01 01
06 53 38 50 00
06 53 76 88 00
06 46 55 39 19
06 49 46 57 00
06 42 60 43 40
06 59 31 21 70
06 42 08 84 83
06 69 77 77 20
06 55 58 65 00
06 43 54 15 39
06 40 79 92 79
06 41 87 22 32
06 92 07 73 73
06 73 42 37 07
06 42 20 62 06
06 20 54 54 52
06 66 67 85 40
06 42 46 24 64
06 90 21 23 23
06 49 49 42 55
06 88 37 59 03
06 53 76 88 00
06 80 97 65 21
06 45 53 19 91
06 56 08 70 70
06 11 69 00 00
06 80 97 65 80
06 50 09 27 98
06 42 64 62 00
06 80 58 99 58
06 43 90 21 21
06 20 28 29 34
06 20 24 23 23
06 31 44 32 11
06 93 53 36 70
06 53 27 60 74
06 56 43 13 13
06 99 43 55 78
06 90 86 84 15
06 40 90 50 00
06 40 16 10 10
06 72 44 43 43
06 55 42 75 00
06 72 82 17 17
06 64 69 35 00
06 81 31 60 60
06 70 28 24 00
06 86 83 45 14
06 70 08 50 00
06 23 18 23 18
06 77 81 15 15
06 99 86 11 00
06 43 73 20 40
06 40 49 87 46
06 42 52 35 10
06 61 38 05 75
06 44 08 01 05
06 44 08 00 11
06 78 37 81 81
06 44 08 00 14
06 26 84 52 10
06 31 93 22 43
06 78 69 10 80
06 44 08 00 12
06 91 33 12 23
06 53 32 77 00
06 40 89 90 50
06 27 88 79 74
06 25 71 22 22
06 93 88 41 34
06 54 55 37 30
06 48 31 16 62
06 40 40 45 45
06 45 89 31 32
06 27 83 81 42
06 81 80 15 15
06 49 23 12 12
06 49 23 12 22
06 43 71 28 53
06 75 02 26 42
06 41 88 24 50
06 68 08 63 70
06 21 99 91 20
06 42 64 77 71
06 43 54 31 12
06 78 29 81 30
06 92 00 00 92
06 53 86 00 22
06 58 39 36 62
06 48 07 13 39
06 43 07 04 13
06 39 07 40 00
06 46 67 39 65
06 23 23 82 00
06 64 53 31 00
06 99 61 22 00
06 43 43 31 00
06 55 43 23 23
06 44 08 16 61
06 77 42 01 23
06 98 03 84 00
06 43 21 40 00
06 42 61 66 25
06 43 59 24 24
06 26 23 71 42
06 67 14 31 60
06 98 23 46 00
06 61 55 95 13
06 15 85 58 66
06 56 52 91 00
06 44 23 88 00
06 49 54 52 00
06 49 54 52 43
06 64 15 30 01
06 20 33 55 77
06 46 77 46 77
06 76 82 69 00
06 72 77 06 00
06 99 51 21 30
06 49 40 36 59
06 20 30 40 50
06 25 71 76 00
06 45 67 05 92
06 44 08 01 01
06 75 64 50 41
06 96 46 90 00
06 30 75 62 60
06 23 48 50 00
06 43 43 05 51
06 34 42 20 02
06 71 39 88 00
06 53 80 67 15
06 58 05 33 71
06 78 92 94 57
06 58 62 51 51
06 68 98 60 73
06 63 33 23 76
06 83 96 86 86
06 40 09 18 58
06 88 75 03 75
06 40 74 00 32
06 60 12 84 29
06 67 73 53 35
06 56 57 44 44
06 98 34 88 00
06 22 33 65 50
06 83 95 35 10
06 67 91 89 89
06 80 24 56 96
06 70 02 27 49
06 24 33 72 50
06 48 69 78 78
06 91 55 35 74
06 48 48 13 60
06 44 08 11 44
06 61 37 34 94
06 40 01 80 00
06 85 47 95 29
06 22 80 52 50
06 76 87 74 75
06 43 67 16 17
06 48 78 89 36
06 98 88 65 50
06 34 40 60 20
06 59 59 48 41
06 56 44 56 22
06 59 47 80 02
06 55 45 95 50
06 76 86 61 30
06 70 58 42 70
06 26 21 12 43
06 43 46 86 96
06 54 08 35 70
06 55 35 18 00
06 78 79 50 50
06 50 33 72 18
06 98 00 89 99
06 45 62 23 16
06 62 11 50 50
06 72 17 53 21
06 73 34 71 50
06 77 49 65 30
06 14 37 25 50
06 90 99 46 90
06 42 86 57 01
06 65 75 56 65
06 61 00 38 38
06 40 00 17 00
06 41 22 54 54
06 23 23 66 00
06 68 85 85 25
06 79 25 36 55
06 86 49 28 54
06 40 00 25 31
06 99 65 41 81
06 85 90 98 60
06 56 95 50 50
06 54 55 84 00
06 46 45 19 17
06 88 10 39 73
06 40 52 40 35
06 67 18 04 01
06 50 56 36 11
06 84 96 71 21
06 61 62 35 37
06 65 20 48 60
06 42 09 99 17
06 26 29 01 01
06 96 64 98 41
06 91 82 78 00
06 41 73 47 47
06 26 77 47 47
06 72 85 71 71
06 25 71 22 22
06 55 25 46 27
06 56 00 73 73
06 67 52 04 66
06 59 92 64 64
06 40 37 34 34
06 72 74 35 00
06 90 17 83 24
06 69 33 33 01
06 76 82 72 33
06 67 14 43 00
06 99 05 32 32
06 88 24 82 82
06 41 17 65 25
06 55 17 80 00
06 39 25 38 50
06 69 93 50 30
06 72 74 46 00
06 59 43 84 00
06 95 30 96 34
06 83 15 18 60
06 98 64 19 49
06 84 58 30 00
06 68 85 45 10
06 56 95 50 50
06 72 18 89 89
06 51 78 54 54
06 50 09 65 05
06 20 22 61 61
06 99 05 84 00
06 23 23 80 00
06 69 85 12 12
06 57 99 71 00
06 93 95 44 44
06 35 54 28 70
06 40 44 39 30
06 76 76 50 69
06 96 87 63 30
06 81 98 81 59
06 89 64 62 55
06 90 89 18 40
06 48 09 04 57
06 97 24 75 11
06 49 44 43 15
06 61 60 90 96
06 62 71 75 30
06 67 52 47 34
06 43 43 43 30
06 96 92 10 33
06 78 86 30 00
06 99 28 24 55
06 99 28 99 40
06 53 64 81 50
06 27 69 43 31
06 27 69 43 32
06 86 54 34 81
06 98 62 61 98
06 45 91 36 00
06 33 12 32 11
06 95 59 10 16
06 32 71 69 40
06 87 55 38 99
06 58 91 46 70
06 89 12 42 91
06 55 51 70 60
06 30 91 12 41
06 45 43 02 02
06 52 20 46 03
06 67 91 71 72
06 16 01 00 70
06 51 84 06 33
06 78 29 28 23
06 77 91 16 30
06 27 51 12 02
06 76 41 00 00
06 79 60 23 70
06 49 88 82 42
06 30 06 12 00
06 40 85 64 71
06 45 77 39 66
06 81 87 81 30
06 56 52 90 52
06 57 14 21 10
06 29 68 50 66
06 42 93 41 13
06 69 77 65 00
06 98 00 87 20
06 49 60 21 79
06 66 76 71 59
06 35 53 30 31
06 72 19 26 26
06 90 99 33 33
06 81 87 87 00
06 76 69 83 00
06 88 14 47 00
06 99 05 88 00
06 73 44 06 00
06 72 74 87 00
06 28 38 48 48
06 76 82 63 00
06 69 36 73 50
06 49 08 56 50
06 42 25 79 35
06 45 15 03 20
06 68 85 26 07
06 68 85 26 00
06 57 00 67 00
06 56 84 69 00
06 42 93 81 35
06 89 33 69 00
06 55 43 69 60
06 59 32 57 62
06 99 52 98 68
06 67 66 88 40
06 42 46 15 55
06 27 24 80 12
06 42 96 17 27
06 55 65 01 88
06 78 24 88 39
06 91 82 71 00
06 56 12 40 56
06 42 33 57 90
06 54 57 25 07
06 93 38 73 30
06 43 57 07 75
06 56 33 49 10
06 53 41 21 00
06 43 70 00 22
06 47 63 85 72
06 84 36 62 10
06 79 61 96 71
06 44 06 76 02
06 40 52 40 52
06 20 33 55 77
06 43 83 35 93
06 72 74 36 00
06 21 74 85 85
06 59 40 78 00
06 20 62 22 10
06 76 57 46 01
06 87 37 54 30
06 21 38 85 54
06 28 76 73 00
06 33 81 26 00
06 62 24 21 40
06 62 44 27 00
06 38 41 70 50
06 44 23 44 23
06 40 73 18 25
06 21 71 50 44
06 28 38 77 50
06 48 83 14 67
06 99 29 68 00
06 28 63 72 93
06 40 69 15 13
06 59 63 43 20
06 20 70 03 00
06 97 35 31 70
06 80 48 83 40
06 42 78 48 45
06 42 22 59 73
06 47 00 29 37
06 77 47 88 00
06 69 06 37 77
06 78 38 40 00
06 53 90 15 20
06 60 95 84 00
06 78 42 92 39
06 30 73 66 66
06 64 53 31 00
06 77 43 84 84
06 50 09 66 00
06 55 42 36 70
06 87 76 44 50
06 51 47 70 70
06 40 00 65 65
06 41 20 73 73
06 91 05 45 45
06 97 62 11 81
06 83 59 55 43
06 57 57 10 44
06 72 74 96 00
06 98 05 66 00
06 61 07 80 80
06 81 40 27 00
06 70 00 03 80
06 32 95 97 00
06 55 31 67 03
06 31 45 27 50
06 28 38 48 58
06 82 59 86 35
06 61 15 30 30
06 49 49 80 80
06 46 45 80 00
06 46 29 94 90
06 51 47 48 91
06 96 01 26 56
06 96 94 21 85
06 60 95 81 00
06 66 62 85 42
06 26 79 35 78
06 97 88 05 59
06 63 51 24 01
06 41 22 54 54
06 77 43 84 84
06 23 68 06 11
06 87 76 47 47
06 57 27 65 39
06 66 65 65 65
06 72 18 54 70
06 31 56 73 42
06 20 41 75 23
06 38 22 00 88
06 80 58 20 10
06 43 70 41 36
06 83 36 26 94
06 26 77 47 47
06 61 62 36 16
06 78 62 16 53
06 42 16 07 10
06 63 71 60 50
06 20 92 06 99
06 20 86 77 91
06 41 49 66 57
06 20 49 05 05
06 20 16 03 60
06 49 44 43 15
06 99 17 70 94
06 33 31 67 00
06 80 29 35 02
06 94 09 27 72
06 68 42 66 11
06 68 85 80 00
06 49 11 01 94
06 51 47 70 80
06 72 85 71 71
06 41 73 47 47
06 84 54 53 53
06 53 36 44 00
06 72 78 55 66
06 31 08 70 25
06 62 48 54 85
06 62 44 15 21
06 95 20 10 46
06 51 40 80 20
06 90 23 77 15
06 77 49 24 66
06 55 65 50 88
06 41 49 10 20
06 83 92 51 51
06 43 67 95 95
06 83 34 43 22
06 56 56 34 31
06 26 78 77 93
06 74 45 43 91
06 77 45 10 41
06 47 88 43 43
06 71 60 63 53
06 44 77 50 48
06 90 44 92 70
06 90 44 93 70
06 26 73 96 51
06 60 74 10 29
06 22 25 64 90
06 94 60 44 75
06 68 41 19 19
06 62 24 38 97
06 84 14 02 98
06 61 39 97 98
06 32 10 25 10
06 44 08 00 75
06 40 50 87 82
06 49 45 29 00
06 28 03 69 06
06 67 04 71 00
06 87 76 44 50
06 35 59 66 29
06 86 49 26 18
06 69 33 86 00
06 34 32 20 00
06 56 84 53 33
06 26 69 26 89
06 72 74 48 00
06 72 74 69 00
06 69 85 12 12
06 76 57 47 62
06 32 82 92 00
06 32 82 91 99
06 56 20 62 00
06 97 70 72 15
06 20 33 53 53
06 44 06 76 02
06 40 52 40 52
06 61 00 38 38
06 20 33 55 77
06 41 23 55 55
06 40 79 44 00
06 27 51 15 39
06 20 43 41 24
06 29 00 11 11
06 49 45 37 19
06 72 74 39 00
06 56 02 61 20
06 72 18 04 80
06 73 98 13 13
06 77 91 58 88
06 20 73 38 04
06 43 26 00 66
06 41 31 83 10
06 91 82 83 10
06 26 47 12 86
06 21 38 25 06
06 34 40 12 00
06 91 47 21 22
06 62 45 71 70
06 98 55 61 57
06 74 93 54 05
06 40 13 86 25
06 97 13 37 30
06 46 42 88 77
06 44 65 23 00
06 14 37 25 00
06 56 51 34 93
06 91 82 85 00
06 48 48 40 00
06 57 35 07 07
06 59 56 69 46
06 34 25 10 10
06 47 52 64 57
06 55 31 67 03
06 72 43 17 00
06 20 33 53 91
06 30 75 60 20
06 41 16 71 72
06 62 17 40 00
06 34 32 33 00
06 85 59 53 53
06 40 68 32 00
06 68 98 69 32
06 20 73 23 29
06 43 54 23 14
06 44 83 81 50
06 57 35 11 00
06 90 82 13 60
06 93 89 10 10
06 53 24 64 34
06 30 30 54 44
06 89 41 67 96
06 91 17 08 40
06 41 17 12 12
06 41 24 14 50
06 50 33 87 18
06 50 23 00 00
06 88 32 25 35
06 77 42 35 42
06 84 67 00 01
06 40 20 30 50
06 56 33 36 76
06 41 72 08 32
06 40 51 82 71
06 56 48 14 70
06 93 20 60 41
06 47 20 08 44
06 47 07 17 07
06 61 62 00 00
06 28 36 67 90
06 45 57 60 60
06 41 58 11 22
06 30 96 20 10
06 94 91 82 50
06 57 87 33 61
06 47 70 23 83
06 44 08 01 19
06 85 08 26 86
06 45 94 00 76
06 71 00 03 01
06 70 98 50 75
06 80 51 71 08
06 40 00 17 00
06 21 51 67 18
06 21 51 81 59
06 93 95 75 75
06 77 23 63 90
06 80 77 25 25
06 90 40 29 90
06 60 95 74 21
06 51 44 98 28
06 88 10 35 60
06 41 13 48 96
06 38 22 00 88
06 20 15 84 44
06 46 45 19 17
06 56 20 62 05
06 64 15 30 00
06 89 33 68 00
06 72 04 70 70
06 27 51 35 16
06 72 74 59 00
06 69 36 73 50
06 84 07 15 15
06 41 13 01 51
06 72 43 83 83
06 87 50 23 00
06 40 18 12 12
06 99 84 45 00
06 35 59 50 89
06 44 68 75 00
06 92 96 50 50
06 62 48 33 05
06 25 42 20 80
06 35 53 30 31
06 72 69 63 00
06 44 73 43 40
06 97 02 23 00
06 53 47 82 09
06 47 03 50 00
06 55 04 56 50
06 47 70 44 78
06 78 92 92 83
06 74 09 26 83
06 68 61 15 50
06 87 55 38 91
06 49 60 76 69
06 47 41 28 67
06 55 92 79 55
06 67 92 15 43
06 34 83 77 01
06 58 17 18 50
06 29 45 88 09
06 57 41 96 92
06 32 88 00 71
06 32 88 56 18
06 27 88 94 00
06 62 90 51 50
06 74 05 47 00
06 40 96 41 22
06 21 09 05 47
06 62 61 31 51
06 99 33 39 07
06 59 46 58 58
06 72 85 73 63
06 79 25 32 54
06 32 82 57 00
06 20 15 45 00
06 44 40 80 40
06 62 21 01 98
06 79 37 14 01
06 86 49 40 72
06 72 68 78 30
06 81 31 25 06
06 67 91 31 51
06 20 13 04 60
06 43 59 70 10
06 40 95 10 11
06 75 00 00 75
06 66 87 97 28
06 90 22 14 55
06 94 93 66 00
06 80 81 84 44
06 76 56 42 34
06 72 32 51 98
06 23 23 60 15
06 32 88 85 99
06 87 95 89 00
06 20 99 30 61
06 65 20 50 14
06 51 79 09 79
06 41 49 66 57
06 40 84 68 14
06 25 71 22 22
06 90 11 21 64
06 64 53 31 00
06 27 85 85 85
06 70 00 03 80
06 44 08 16 61
06 73 28 80 00
06 41 96 65 10
06 41 86 67 67
06 63 49 30 00
06 68 85 46 82
06 30 75 60 40
06 72 74 40 00
06 69 85 12 12
06 26 91 33 99
06 32 82 92 00
06 32 82 91 99
06 60 76 42 37
06 60 76 41 11
06 27 71 22 22
06 76 82 79 02
06 33 01 42 00
06 44 39 06 00
06 43 59 47 00
06 34 32 39 00
06 93 00 81 00
06 73 40 75 00
06 56 84 65 00
06 51 85 81 00
06 32 28 75 55
06 32 74 49 00
06 45 92 65 00
06 72 18 60 00
06 40 37 16 00
06 23 48 50 00
06 69 08 81 41
06 80 39 60 09
06 55 43 23 23
06 44 27 66 81
06 66 78 50 00
06 45 49 88 00
06 91 10 68 65
06 83 39 68 00
06 81 66 66 90
06 20 25 64 64
06 47 36 14 14
06 55 64 04 40
06 59 43 84 00
06 42 97 14 20
06 72 18 89 89
06 32 91 58 58
06 31 46 23 00
06 41 23 90 50
06 45 96 03 58
06 80 58 98 90
06 42 24 20 00
06 44 08 00 05
06 82 59 51 26
06 58 39 36 72
06 45 77 68 02
06 48 41 72 89
06 39 51 83 72
06 16 29 03 21
06 73 70 92 78
06 84 07 13 20
06 72 47 68 61
06 89 46 89 92
06 44 24 62 76
06 44 27 73 13
06 40 51 90 00
06 61 33 80 60
06 61 22 28 61
06 48 11 04 60
06 22 66 49 90
06 27 22 57 30
06 36 70 49 80
06 32 08 13 50
06 72 00 08 03
06 92 31 52 36
06 80 30 21 27
06 72 76 80 60
06 88 22 44 22
06 83 98 29 44
06 38 79 21 33
06 94 62 01 48
06 73 80 94 80
06 44 25 25 25
06 77 25 12 98
06 39 50 24 53
06 42 41 88 00
06 81 41 39 83
06 67 70 67 10
06 31 56 53 54
07 38 22 72 82
07 49 49 61 20
07 21 17 10 05
07 80 77 25 25
07 94 03 89 50
07 99 33 04 36
07 72 18 54 70
07 32 95 51 00
07 20 21 59 50
07 99 12 70 00
07 20 21 59 50
07 57 22 08 11
07 73 40 50 00
07 30 97 28 70
07 59 02 20 06
07 97 13 50 00
07 40 40 04 44
07 44 01 22 66
07 55 43 14 00
07 41 96 20 00
07 55 25 80 10
07 78 42 09 96
07 47 60 29 29
07 87 39 61 34
07 76 46 48 44
07 72 65 09 68
07 23 62 22 50
07 45 22 58 12
07 47 70 23 83
07 72 79 86 90
07 75 79 24 00
07 88 71 84 20
07 53 06 88 00
07 51 25 00 20
07 99 04 76 10
07 20 61 95 50
07 20 61 95 54
07 43 07 04 13
07 44 09 26 00
07 23 62 22 60
07 32 73 04 80
07 40 47 40 00
07 40 47 40 47
07 44 08 00 62
07 44 88 20 20
07 40 26 99 14
07 61 16 53 87
07 42 27 43 15
07 72 33 00 00
07 20 00 72 64
07 49 83 24 24
07 62 24 02 30
07 31 53 00 82
07 68 85 03 53
07 90 91 51 00
07 55 31 67 03
07 72 43 17 00
07 75 75 94 00
07 86 71 50 00
07 22 66 20 00
07 81 87 17 40
07 34 50 50 50
07 69 85 12 12
07 40 44 42 00
07 26 77 47 47
07 20 15 45 85
07 41 20 49 00
07 99 54 63 63
07 72 18 02 20
07 50 37 14 32
07 80 97 65 60
07 67 10 57 56
07 85 52 64 41
07 61 39 24 25
07 47 04 95 22
07 56 01 77 60
07 78 38 21 92
07 40 40 20 30
07 78 75 74 13
07 28 23 68 00
07 78 78 37 20
07 57 87 72 25
07 49 60 97 97
07 99 02 22 00
07 37 46 18 40
07 98 98 66 82
07 92 03 64 53
07 97 07 22 23
07 23 75 72 99
07 23 24 34 98
07 43 28 66 37
07 41 45 66 01
07 41 45 66 02
07 53 48 20 49
07 93 13 70 80
07 63 92 80 32
07 13 42 75 00
07 31 56 83 28
07 39 63 93 38
07 84 47 28 87
07 51 46 08 09
07 67 46 57 77
07 40 47 10 98
07 49 78 25 02
07 86 26 54 49
07 30 33 59 49
07 55 50 96 85
07 26 58 70 23
07 23 23 66 92
07 41 73 59 79
07 42 61 74 51
07 42 61 74 52
07 77 96 71 30
07 28 28 56 80
07 60 12 82 30
07 46 25 21 82
07 44 43 58 00
07 77 33 65 64
07 67 64 94 40
07 88 54 11 10
07 83 35 38 01
07 21 84 86 39
07 43 06 37 25
07 85 27 51 07
07 43 79 92 00
07 42 84 71 55
07 99 94 75 00
07 74 73 11 21
07 37 28 69 69
07 28 36 10 10
07 26 64 60 53
07 71 67 33 33
07 73 75 19 20
07 76 76 50 60
07 35 28 61 00
07 20 17 21 40
07 92 30 16 15
07 75 53 43 40
07 80 65 84 00
07 91 74 47 05
07 77 25 03 51
07 84 75 80 44
07 86 48 47 17
07 48 95 57 61
07 25 56 92 57
07 69 29 76 22
07 98 05 22 40
07 72 68 05 05
07 98 21 55 60
07 48 24 16 77
07 91 08 55 71
07 42 35 60 31
07 44 71 34 43
07 75 75 87 28
07 55 18 94 27
07 34 43 30 00
07 80 72 59 00
07 24 56 62 61
07 93 18 99 66
07 53 63 36 00
07 27 85 86 87
07 60 76 46 21
07 41 49 52 60
07 20 15 84 41
07 40 53 99 99
07 93 84 83 58
07 72 85 72 72
07 43 50 25 85
07 67 10 25 00
07 54 55 64 08
07 50 63 62 55
07 97 73 24 03
07 40 84 67 03
07 40 84 67 62
07 20 44 60 75
07 45 17 16 05
07 57 87 64 46
07 68 61 66 36
07 68 25 27 04
07 32 95 11 98
07 98 01 71 65
07 44 23 68 50
07 59 69 70 26
07 74 31 30 41
07 67 54 72 20
07 69 92 52 71
07 72 34 18 14
07 46 59 20 76
07 61 39 03 63
07 47 38 66 00
07 80 97 66 00
07 66 87 96 59
07 41 16 73 00
07 72 85 71 25
07 98 10 16 16
07 32 82 57 00
07 94 19 48 34
07 84 82 02 07
07 91 82 78 00
07 57 99 37 27
07 31 93 22 43
07 45 90 13 52
07 34 23 27 01
07 88 11 55 84
07 47 47 47 31
07 46 82 80 50
07 99 62 83 56
07 96 12 11 11
07 76 76 52 57
07 67 33 88 81
07 72 11 79 79
07 31 56 83 24
07 76 76 50 65
07 49 44 44 41
07 53 31 76 21
07 66 68 69 10
07 78 77 28 41
07 39 27 47 33
07 39 90 58 45
07 78 76 52 22
07 43 08 22 26
07 53 40 53 05
07 53 49 90 43
07 31 66 24 60
07 33 24 95 70
07 96 55 69 06
07 48 11 49 30
07 37 46 82 43
07 21 01 26 79
07 78 43 24 50
07 32 27 79 05
07 91 69 88 31
07 61 53 12 14
07 25 30 70 09
07 70 46 86 10
07 38 49 44 96
07 62 96 28 70
07 55 86 73 00
07 51 47 84 40
07 58 80 87 92
07 88 05 34 00
07 39 25 58 20
07 97 27 67 70
07 39 25 48 33
07 62 25 80 30
07 50 09 22 22
07 64 13 44 88
07 96 46 93 00
07 95 61 16 52
07 40 91 24 99
07 26 64 60 53
07 80 24 44 49
07 87 90 67 40
07 31 61 33 79
07 31 56 83 22
07 32 73 38 30
07 32 14 75 23
07 43 81 06 52
07 63 58 30 60
07 76 76 52 54
07 97 06 97 30
07 49 44 44 31
07 95 29 81 85
07 26 78 74 67
07 73 75 03 15
07 29 23 41 24
07 94 28 96 42
07 67 33 88 63
07 77 81 02 00
07 32 07 29 35
07 72 54 33 50
07 32 40 37 00
07 32 88 06 97
07 49 44 41 22
07 61 32 41 80
07 94 78 57 93
07 72 11 53 38
07 41 62 19 97
07 48 04 90 50
07 59 84 93 93
07 20 93 70 16
07 33 31 67 12
07 42 88 80 80
07 88 18 61 31
07 83 93 36 00
07 61 32 40 20
07 44 39 71 30
07 40 14 87 32
07 47 94 98 98
07 89 63 61 75
07 44 44 43 08
07 96 05 71 96
07 88 71 62 92
07 21 21 10 64
07 21 21 25 10
07 48 68 45 20
07 32 40 37 00
07 91 34 13 41
07 82 44 72 65
07 43 91 65 00
07 49 61 60 73
07 89 64 82 60
07 68 82 71 17
07 88 23 14 14
07 94 00 58 78
07 58 51 37 00
07 42 86 47 23
07 42 86 47 22
07 42 86 47 24
07 91 17 79 21
07 54 55 21 33
07 70 30 43 91
07 44 64 46 46
07 33 01 45 00
07 84 58 77 12
07 26 21 81 83
07 89 20 23 58
07 85 42 43 44
07 25 42 46 46
07 33 77 43 50
07 50 45 13 91
07 85 42 36 46
07 20 54 58 92
07 45 38 56 01
07 40 89 07 52
07 42 26 26 60
07 46 93 02 70
07 45 51 32 59
07 62 44 15 21
07 53 05 08 11
07 28 53 00 00
07 38 15 39 02
07 64 62 62 40
07 46 51 77 00
07 61 32 40 80
07 39 27 50 28
07 47 16 95 31
07 66 39 65 50
07 56 61 52 12
07 41 35 39 26
07 45 58 56 56
07 33 20 76 36
07 71 46 56 22
07 20 92 06 99
07 47 47 37 42
07 61 32 40 60
07 75 20 16 26
07 75 43 20 03
07 37 44 63 93
07 20 13 47 36
07 51 79 09 79
07 45 67 05 92
07 41 96 65 10
07 94 91 82 50
07 88 36 02 88
07 54 50 25 38
07 84 86 42 03
07 47 22 41 69
07 70 02 50 50
07 79 69 65 91
07 72 85 73 73
07 44 38 55 00
07 25 71 22 22
07 57 87 72 29
07 65 75 56 86
07 53 48 41 31
07 80 97 65 50
07 83 85 25 51
07 97 46 84 00
07 81 21 82 13
07 39 38 79 60
07 86 92 33 66
07 85 44 65 72
07 51 36 65 56
07 43 81 06 52
07 33 68 62 52
07 29 68 74 01
07 31 81 32 19
07 20 96 23 22
07 89 21 22 50
07 55 23 79 79
07 34 85 43 18
07 40 27 22 55
07 33 62 62 80
07 20 15 84 42
07 61 31 56 70
07 91 78 50 50
07 42 04 94 79
07 31 56 83 19
07 49 68 91 60
07 21 88 74 40
07 20 44 60 75
07 42 61 01 25
07 91 341 341
07 35 54 65 81
07 44 71 34 42
07 47 47 80 18
07 31 56 83 20
07 90 40 19 47
07 68 24 59 90
07 98 01 64 73
07 43 91 65 10
07 94 14 72 16
07 89 64 82 42
07 38 69 72 65
07 61 32 41 00
07 42 39 76 70
07 51 59 91 75
07 99 28 43 79
07 83 28 72 14
07 53 22 23 00
07 73 17 01 00
07 55 48 93 50
07 53 09 13 21
07 26 06 54 84
07 56 84 20 20
07 77 10 13 70
07 41 22 17 30
07 80 72 64 50
07 22 45 56 09
07 56 79 54 37
07 57 25 49 16
07 32 88 80 83
07 99 28 25 67
07 40 14 87 32
07 26 68 35 71
07 48 52 90 50
07 64 35 21 50
07 20 91 79 79
07 23 38 54 46
07 65 55 17 50
07 69 55 34 88
07 41 58 56 70
07 61 32 40 50
07 80 89 64 42
07 68 85 35 03
07 49 36 71 09
07 49 36 71 10
07 21 88 74 40
07 87 23 23 51
07 35 59 40 28
07 61 32 41 79
07 72 11 55 60
07 43 09 31 96
07 43 09 31 27
07 99 28 93 07
07 67 13 89 35
07 53 69 70 20
07 78 83 40 88
07 22 66 81 12
07 83 51 83 33
07 67 28 70 19
07 56 62 26 26
07 66 49 48 32
07 85 88 43 01
07 85 88 43 61
07 20 44 55 23
07 45 24 25 34
07 73 51 10 00
07 37 61 67 10
07 66 68 69 28
07 87 75 32 00
07 96 55 23 70
07 29 52 83 60
07 55 43 69 91
07 84 79 41 40
07 99 23 23 00
07 59 92 47 70
07 78 27 46 13
07 20 48 12 70
07 21 21 10 64
07 61 69 66 63
07 92 40 77 70
07 39 27 42 91
07 60 95 78 67
07 47 47 87 61
07 59 57 43 03
07 57 12 20 44
07 27 53 17 70
07 48 38 88 34
07 48 38 34 34
07 21 38 87 00
07 27 51 12 52
07 72 74 33 40
07 85 73 10 10
07 43 59 49 01
07 56 00 95 56
07 33 80 85 00
07 56 84 57 21
07 49 40 44 08
07 63 62 11 50
07 81 65 26 00
07 66 62 85 00
07 74 45 50 50
07 49 03 41 70
07 72 16 22 07
07 47 47 47 31
07 43 86 23 73
07 66 29 50 25
07 43 43 28 14
07 91 96 80 85
07 68 24 27 90
07 43 43 51 42
07 75 07 75 78
07 98 56 04 01
07 51 20 41 64
07 74 52 27 05
07 67 10 79 99
07 26 78 74 53
07 21 96 79 36
07 45 59 32 64
07 20 14 93 00
07 47 62 33 33
07 22 66 33 99
07 98 90 38 73
07 61 19 09 49
07 89 52 25 26
07 43 64 20 92
07 41 44 31 00
07 21 60 40 00
07 61 31 56 70
07 89 33 74 00
07 33 77 11 68
07 62 54 54 54
07 97 28 40 27
07 22 45 59 92
07 63 21 71 00
07 49 23 20 00
07 46 51 77 00
07 22 71 71 00
07 56 84 55 55
07 76 70 60 60
07 80 97 65 39
07 46 84 11 83
07 20 21 59 62
07 78 62 37 37
07 61 71 18 91
07 67 91 31 41
07 72 53 88 00
07 40 71 48 23
07 26 65 11 75
07 33 78 86 88
07 84 07 41 10
07 79 96 51 11
07 57 62 30 70
07 56 79 87 71
07 96 76 27 16
07 64 61 66 21
07 54 03 54 17
07 73 17 82 45
07 33 83 40 10
07 26 28 81 81
07 49 44 44 68
07 51 36 65 50
07 57 12 40 40
07 66 23 07 74
07 41 35 34 34
07 89 32 55 66
07 65 60 39 30
07 22 53 46 64
07 42 54 84 84
07 57 22 08 00
07 99 02 22 00
07 47 47 38 23
07 46 95 15 40
07 64 71 62 36
07 20 57 58 71
07 43 67 15 70
07 56 79 54 34
07 40 78 43 80
07 96 55 61 19
07 29 94 83 00
07 92 03 87 33
07 66 68 69 05
07 82 47 74 11
07 34 06 60 27
07 21 63 66 34
07 40 84 68 79
07 50 82 32 40
07 47 60 61 11
07 32 40 37 00
07 80 29 36 23
07 86 77 76 30
07 56 48 04 59
07 26 35 80 60
07 26 78 75 08
07 43 96 60 59
07 33 91 50 87
07 88 06 30 81
07 99 21 20 89
07 61 32 40 10
07 43 81 06 52
07 45 57 23 20
07 32 88 81 50
07 56 26 26 26
07 72 53 88 00
07 56 84 55 55
07 40 48 41 13
07 61 29 49 49
07 20 28 29 11
07 93 95 44 44
07 40 09 60 55
07 22 82 23 00
07 49 28 79 66
07 72 32 50 48
07 87 24 31 42
07 84 14 02 15
07 81 25 25 25
07 83 85 61 20
07 66 62 57 02
07 22 08 87 10
07 56 79 54 39
07 40 55 88 25
07 56 98 25 09
07 73 82 73 47
07 88 80 22 37
07 71 00 06 80
07 99 70 35 59
07 77 23 79 80
07 67 87 45 08
07 71 04 33 67
07 61 52 19 86
07 20 62 68 92
07 96 01 70 28
07 64 65 73 11
07 41 73 91 72
07 27 37 67 30
07 88 11 55 80
07 83 85 16 72
07 32 33 81 41
07 75 35 60 64
07 49 66 47 70
07 43 96 64 64
07 99 28 24 71
07 40 84 68 36
07 93 53 86 12
07 91 96 67 65
07 91 96 67 18
07 66 29 24 04
07 76 76 52 56
07 69 25 43 16
07 99 59 12 64
07 68 56 45 70
07 32 88 06 52
07 89 64 82 83
07 98 99 22 60
07 37 44 63 93
07 91 96 61 22
07 84 16 38 70
07 65 68 36 47
07 88 71 20 70
07 89 32 46 46
07 89 42 65 16
07 67 49 13 90
07 96 78 86 20
07 27 62 87 22
07 96 42 56 56
07 32 83 25 24
07 78 33 46 20
07 48 11 27 90
07 28 07 29 28
07 88 75 36 50
07 88 75 36 51
07 46 27 25 15
07 31 56 81 14
07 42 40 15 65
07 33 21 84 17
07 27 69 43 31
07 20 10 20 33
07 67 33 88 59
07 92 40 77 70
07 62 17 59 27
07 99 57 19 62
07 45 15 89 10
07 61 16 23 10
07 46 34 06 33
07 20 55 10 55
07 84 53 06 19
07 20 44 44 83
07 21 24 09 09
07 47 62 33 33
07 50 46 57 01
07 22 66 33 99
07 37 62 14 90
07 62 44 42 67
07 43 72 97 22
07 41 44 31 00
07 94 93 66 00
07 68 51 15 29
07 74 31 53 58
07 31 56 70 00
07 22 53 40 40
07 24 59 75 40
07 20 76 25 00
07 20 76 25 97
07 72 74 98 50
07 59 57 43 03
07 30 28 36 38
07 30 75 43 43
07 62 90 87 07
07 86 86 17 83
07 73 75 13 75
07 67 33 18 17
07 62 99 54 03
07 83 15 43 09
07 79 09 60 21
07 47 71 37 13
07 20 25 34 03
07 22 45 59 94
07 92 03 21 27
07 91 47 28 02
07 42 11 71 38
07 55 05 64 66
07 50 83 24 70
07 55 29 80 51
07 69 55 31 11
07 26 78 75 01
07 54 29 60 31
07 45 21 24 78
07 33 80 08 80
07 40 08 46 10
07 23 06 73 38
07 73 75 03 20
07 68 85 35 03
07 68 85 35 10
07 25 56 92 53
07 62 71 98 20
07 55 33 10 10
07 75 75 94 34
07 22 33 65 50
07 56 33 76 76
07 43 84 01 32
07 78 29 80 28
07 78 33 78 00
07 31 46 78 78
07 40 09 09 57
07 56 02 00 50
07 34 43 30 00
07 93 13 39 00
07 42 40 52 78
07 93 18 99 66
07 54 57 25 25
07 56 01 78 08
07 98 34 44 44
07 64 62 62 40
07 73 98 24 24
07 67 10 57 66
07 62 48 35 12
07 39 67 70 00
07 32 92 59 99
07 47 34 38 23
07 27 40 50 20
07 41 16 74 61
07 66 72 22 44
07 86 49 26 09
07 57 92 93 03
07 74 14 19 10
07 29 00 62 08
07 95 30 00 04
07 78 29 80 28
07 78 29 77 35
07 61 39 14 71
07 22 71 71 01
07 38 78 00 00
07 59 44 68 00
07 96 11 81 00
07 21 99 30 61
07 54 88 34 41
07 77 12 78 16
07 41 40 14 61
07 20 44 46 82
07 47 23 30 00
07 26 64 60 53
07 68 27 79 64
07 34 53 20 27
07 82 55 85 26
07 67 33 88 44
07 99 59 30 57
07 86 71 84 20
07 32 88 01 39
07 80 29 37 70
07 56 79 54 38
07 57 33 49 76
07 31 40 41 69
07 98 34 23 84
07 37 30 30 86
07 68 41 65 92
07 80 29 33 69
07 88 57 55 45
07 77 42 82 81
07 20 44 43 42
07 20 44 57 96
07 64 60 40 80
07 91 02 39 22
07 56 79 54 35
07 53 09 13 08
07 49 81 46 96
07 47 47 87 40
07 51 53 28 16
07 32 88 84 31
07 42 16 05 16
07 45 37 45 11
07 40 70 08 11
07 89 78 70 63
07 44 12 35 23
07 46 78 01 00
07 54 28 28 06
07 43 69 59 05
07 81 21 91 36
07 70 97 22 42
07 70 02 30 89
07 55 96 40 23
07 87 88 80 86
07 49 09 57 46
07 67 09 21 60
07 69 22 84 00
07 91 96 67 51
07 31 56 83 00
07 93 69 70 06
07 84 98 55 07
07 41 72 17 17
07 88 11 60 14
07 31 51 51 63
07 93 64 94 00
07 61 30 05 70
07 73 75 13 59
07 61 32 40 30
07 49 28 27 35
07 45 93 71 97
07 83 35 00 67
07 70 48 20 30
07 88 21 70 45
07 70 97 33 31
07 48 74 62 87
07 38 95 95 95
07 62 71 75 30
07 98 41 75 74
07 25 49 49 99
07 53 45 26 89
07 88 71 65 56
07 66 78 30 31
07 45 65 88 36
07 48 63 36 37
07 49 44 42 10
07 44 67 11 30
07 58 41 13 92
07 56 08 35 40
07 37 37 11 16
07 34 33 71 50
07 84 75 95 00
07 31 52 55 00
07 70 02 20 00
07 53 02 58 58
07 93 28 66 80
07 67 51 71 00
07 28 33 36 20
07 40 97 48 00
07 68 66 24 04
07 55 20 59 70
07 72 74 70 00
07 71 45 57 50
07 41 24 11 00
07 62 74 75 75
07 47 36 75 81
07 37 91 83 00
07 83 74 00 85
07 42 43 25 30
07 72 32 50 34
07 51 62 67 27
07 22 78 71 52
07 21 21 25 10
07 90 49 29 17
07 64 31 64 26
07 49 59 42 30
07 85 67 60 68
07 71 28 22 57
07 38 69 69 11
07 74 26 78 50
07 91 69 88 31
07 91 38 60 42
07 58 05 20 02
07 80 48 17 35
07 57 82 80 04
07 48 09 47 49
07 71 49 04 79
07 44 64 53 81
07 40 85 87 20
07 47 40 90 50
07 28 28 56 80
07 90 88 07 53
07 32 40 37 00
07 67 30 75 57
07 67 30 75 57
07 45 91 36 00
07 61 16 23 10
07 56 33 89 80
07 90 13 86 46
07 99 64 00 96
07 92 29 38 38
07 32 07 29 45
07 20 62 76 18
07 40 84 68 14
07 21 09 15 68
07 48 02 65 88
07 32 88 56 29
07 87 75 60 20
07 43 41 41 41
07 44 11 24 51
07 43 91 65 01
07 87 55 39 02
07 98 11 38 60
07 81 38 53 29
07 75 67 89 51
07 76 49 01 63
07 29 83 64 14
07 30 91 84 62
07 57 65 65 62
07 48 34 67 26
07 76 09 02 08
07 78 69 90 90
07 63 43 20 49
07 51 47 71 98
07 91 24 61 12
07 94 93 66 00
07 75 30 09 66
07 47 62 33 33
07 47 62 33 33
07 42 93 90 00
07 69 47 79 13
07 23 23 40 00
07 74 45 50 50
07 20 21 93 93
07 61 19 27 60
07 34 63 89 00
07 97 54 48 28
07 51 86 24 13
07 40 84 68 14
07 68 08 20 75
07 50 94 48 45
07 67 63 01 29
07 63 43 72 50
07 54 03 59 03
07 93 90 53 51
07 90 52 24 10
07 72 74 94 50
07 72 74 71 00
07 90 48 34 82
07 24 55 66 90
07 51 36 62 07
07 28 37 45 60
07 88 64 61 56
07 40 27 51 09
07 40 27 51 10
07 40 27 51 11
07 40 70 08 11
07 81 41 50 37
07 22 53 36 99
07 37 91 50 29
07 39 35 66 39
07 20 06 49 52
07 74 45 43 83
07 40 55 88 25
07 98 44 27 65
07 88 71 20 70
07 42 49 99 71
07 42 51 01 01
07 42 65 99 77
07 44 65 79 99
07 55 01 40 52
07 88 21 19 90
07 91 24 61 12
07 92 07 77 97
07 77 95 00 07
07 32 40 41 80
07 75 86 30 55
07 39 20 19 94
07 62 92 97 77
07 61 50 37 92
07 62 25 68 00
07 57 57 13 13
07 76 82 59 00
07 79 75 94 56
07 31 56 57 77
07 78 77 70 00
07 41 45 26 40
07 78 78 70 60
07 40 14 11 03
07 53 63 86 25
07 91 28 81 18
07 24 59 64 70
07 98 01 60 39
07 69 15 66 79
07 69 15 70 68
07 49 40 66 21
07 73 17 79 00
07 74 23 82 30
07 40 00 60 00
07 32 76 95 85
07 61 55 66 32
07 55 43 58 05
07 20 41 61 09
07 45 17 18 87
07 45 17 18 88
07 45 17 18 89
07 72 44 85 53
07 72 43 19 87
07 99 14 20 08
07 78 78 70 57
07 68 85 08 81
07 78 78 70 66
07 61 63 56 00
07 90 48 34 34
07 45 17 44 09
07 45 17 44 05
07 78 77 23 23
07 98 01 61 19
07 89 33 62 06
07 53 63 80 70
07 92 15 71 94
07 23 23 44 30
07 63 08 22 00
07 49 40 72 86
07 31 56 65 00
07 51 46 12 13
07 72 74 19 00
07 56 84 52 00
07 49 45 32 96
07 98 01 71 47
07 69 47 78 90
07 89 56 82 12
07 39 25 41 12
07 75 41 88 00
07 55 43 43 55
07 39 98 34 00
07 39 98 34 73
07 32 74 46 00
07 60 74 68 00
07 21 63 23 00
07 34 25 75 46
07 56 52 02 02
07 49 45 34 00
07 69 47 73 00
07 48 38 84 19
07 68 85 60 50
07 68 85 60 51
07 92 15 70 00
07 49 45 44 99
07 49 45 31 35
07 49 81 36 50
07 20 43 48 28
07 66 31 29 25
07 41 96 21 35
07 78 69 74 93
07 32 74 41 00
07 44 32 05 70
07 41 78 46 22
07 41 78 47 35
07 68 90 91 00
07 40 41 29 21
07 43 18 41 41
07 43 18 41 42
07 22 82 75 22
07 80 39 57 00
07 80 39 67 01
07 57 57 18 03
07 61 63 36 90
07 40 46 26 44
07 40 46 24 67
07 42 95 45 50
07 31 56 66 31
07 43 83 31 12
07 59 57 44 01
07 59 57 44 03
07 68 66 21 55
07 32 95 50 02
07 32 95 50 03
07 56 37 43 44
07 97 01 26 00
07 27 51 18 05
07  803 803
07 94 46 75 13
07 68 85 64 81
07 90 48 32 68
07 34 25 62 14
07 44 07 78 20
07 44 27 31 53
07 22 82 71 31
07 22 82 71 03
07 39 25 50 01
07 60 95 70 75
07 55 43 56 00
07 67 14 23 42
07 31 56 55 40
07 93 37 53 53
07 96 60 43 00
07 72 44 81 15
07 25 31 41 16
07 68 85 73 80
07 54 08 52 90
07 81 70 11 28
07 69 47 75 24
07 32 76 94 04
07 32 76 94 05
07 32 76 94 06
07 32 76 94 07
07 32 76 98 98
07 97 01 70 70
07 72 74 73 00
07 20 12 34 50
07 60 95 75 65
07 40 14 10 20
07 44 27 70 49
07 67 14 23 42
07 57 27 79 84
07 38 49 84 50
07 68 85 88 29
07 21 99 45 00
07 44 07 77 90
07 93 37 77 77
07 68 85 01 23
07 41 17 30 00
07 40 98 47 81
07 90 16 26 64
07 20 41 74 00
07 31 56 56 66
07 80 39 65 95
07 20 13 40 50
07 83 68 30 00
07 40 46 26 37
07 99 05 84 75
07 90 94 48 00
07 44 27 40 37
07 90 49 37 53
07 42 91 48 54
07 68 30 83 00
07 91 24 32 00
07 92 53 27 50
07 51 12 52 12
07 73 17 74 62
07 44 41 55 92
07 40 91 18 69
07 40 91 18 66
07 57 57 13 93
07 49 77 05 91
07 71 09 90 40
07 81 99 46 28
07 21 99 45 02
07 23 50 36 95
07 27 14 36 36
07 26 78 74 95
07 90 28 92 50
07 62 35 99 82
07 45 95 80 87
07 22 66 81 14
07 55 05 62 80
07 44 49 27 27
07 46 25 25 34
07 77 22 07 15
07 55 92 79 18
07 41 40 24 83
07 32 38 96 35
07 20 63 02 67
07 69 15 76 60
07 22 45 54 98
07 43 45 10 50
07 60 37 61 60
07 35 42 10 30
07 35 19 96 96
07 98 34 60 60
07 41 30 57 09
07 91 24 61 12
07 21 60 40 00
07 32 40 41 80
07 66 68 99 60
07 94 25 34 88
07 88 14 42 90
07 57 27 79 74
07 98 15 10 36
07 97 87 28 05
07 59 63 21 00
07 59 63 21 04
07 35 14 60 14
07 76 57 50 00
07 49 02 52 22
07 69 47 73 30
07 55 93 75 11 
07 55 93 75 10
07 87 29 06 00
07 78 78 70 92
07 61 63 35 00
07 20 88 73 50
07 83 36 63 10
07 33 01 40 03
07 72 74 20 45
07 94 68 63 96
07 23 23 77 77
07 49 40 44 75
07 60 95 70 51
07 76 63 58 27
07 72 44 80 91
07 49 24 94 88
07 49 24 45 47
07 43 18 41 63
07 43 18 41 65
07 49 40 35 65
07 96 72 73 80
07 59 40 80 80
07 59 40 80 00
07 40 77 95 00
07 92 15 70 63
07 78 78 78 78
07 20 41 63 40
07 20 62 37 37
07 68 85 64 60
07 53 53 24 65
07 78 77 23 23
07 72 44 82 83
07 57 57 12 00
07 68 85 73 80
07 32 74 42 00
07 91 82 93 89
07 22 82 73 25
07 55 20 58 58
07 32 74 43 00
07 45 87 78 08
07 45 87 79 07
07 45 87 41 22
07 41 22 69 50
07 72 74 76 00
07 73 17 76 03
07 90 48 31 56
07 44 39 52 51
07 49 45 45 45
07 53 10 46 00
07 31 56 82 00
07 23 23 63 02
07 78 78 75 06
07 50 09 24 00
07 98 01 64 73
07 68 85 18 10
07 78 77 23 23
07 26 91 38 90
07 40 91 17 00
07 69 47 70 97
07 21 46 36 00
07 31 56 59 40
07 68 85 68 47
07 53 77 57 09
07 41 22 64 21
07 55 14 96 00
07 23 23 78 93
07 57 27 79 88
07 27 51 76 03
07 21 99 43 00
07 40 97 77 59
07 68 85 42 82
07 34 25 60 00
07 78 77 43 02
07 23 23 39 00
07 78 69 73 05
07 53 55 28 00
07 40 00 61 45
07 57 27 57 80
07 47 36 67 35
07 44 05 42 05
07 20 90 77 26
07 94 46 75 00
07 67 14 23 42
07 34 25 65 70
07 77 44 89 00
07 48 23 82 42
07 69 33 60 00
07 45 17 17 01
07 31 66 28 60
07 83 36 63 91
07 69 47 73 67
07 76 82 53 00
07 42 64 56 63
07 34 25 68 30
07 69 47 72 20
07 97 25 82 00
07 72 74 98 80
07 94 60 63 70
07 97 62 64 64
07 97 25 82 00
07 35 14 60 14
07 77 71 24 80
07 68 66 21 27
07 55 76 16 16
07 75 41 97 70
07 96 72 73 77
07 80 73 45 90
07 40 00 66 41
07 40 46 26 29
07 40 46 26 30
07 73 17 77 00
07 53 10 24 79
07 53 10 24 70
07 40 97 59 70
07 40 97 76 68
07 43 18 41 04
07 43 18 41 13
07 77 46 33 00
07 96 60 96 60
07 62 93 81 49
07 72 74 16 40
07 40 51 25 23
07 53 09 56 02
07 43 18 41 37
07 53 09 56 14
07 53 09 56 15
07 53 09 56 16
07 13 55 32 40
07 67 14 21 01
07 91 24 32 00
07 40 14 10 39
07 46 50 76 00
07 46 45 85 28
07 57 57 18 08
07 57 57 18 64
07 73 17 79 79
07 73 17 79 79
07 22 82 54 63
07 21 31 36 61
07 28 51 94 40
07 40 14 10 03
07 55 86 48 00
07 62 88 90 42
07 20 43 42 34
07 44 41 57 98
07 44 41 55 82
07 43 59 17 89
07 20 41 61 70
07 20 41 62 37
07 21 79 17 00
07 21 79 17 45
07 68 85 88 00
07 26 23 59 05
07 20 13 41 57
07 57 27 64 00
07 91 78 46 70
07 97 88 05 50
07 42 86 22 33
07 60 95 75 72
07 61 02 19 74
07 31 56 62 81
07 44 27 72 02
07 90 16 29 58
07 69 15 31 21
07 62 57 95 50
07 75 36 76 52
07 90 80 99 90
07 45 38 65 76
07 99 14 16 03
07 63 48 19 50
07 65 73 36 50
07 92 96 51 16
07 63 91 88 50
07 22 82 54 69
07 99 33 15 74
07 49 44 44 68
07 83 85 15 61
07 46 45 51 30
07 92 25 28 00
07 44 54 24 24
07 44 85 28 00
07 40 97 98 66
07 90 84 14 00
07 49 40 61 00
07 72 69 20 00
07 44 68 88 75
07 67 11 60 00
07 62 44 42 00
07 69 56 56 29
07 31 48 44 00
07 78 77 24 50
07 81 66 68 21 
07 81 66 68 22
07 92 53 78 27
07 42 98 08 60
07 48 70 37 00
07 94 32 80 00
07 44 06 88 62
07 73 17 70 01
07 40 30 60 90
07 68 85 89 10
07 72 74 99 00
07 21 79 32 32
07 21 79 32 34
07 23 76 40 20
07 23 26 01 48
07 98 01 60 50
07 68 90 91 01
07 65 50 30 60
07 76 28 45 09
07 40 17 81 59
07 72 74 98 30
07 72 65 53 53
07 72 74 18 00
07 43 83 34 11
07 68 85 25 72
07 56 84 57 57
07 78 76 73 35
07 20 62 53 85
07 79 72 95 70
07 91 76 99 00
07 20 51 37 11
07 30 75 62 96
07 72 71 56 46
07 60 79 47 47
07 39 23 15 50
07 76 17 18 00
07 22 82 73 74
07 67 14 38 65
07 92 07 69 96
07 44 41 56 32
07 48 27 27 30
07 49 45 43 43
07 77 42 13 05
07 45 87 42 49
07 59 40 81 00
07 46 45 68 00
07 40 97 56 05
07 98 01 63 22
07 33 01 40 03
07 57 27 79 80
07 78 69 71 69
07 40 97 49 99
07 44 27 43 07
07 80 39 56 06
07 96 72 74 50
07 20 13 41 00
07 40 14 16 11
07 77 42 13 60
07 44 41 55 50
07 68 85 68 35
07 94 14 23 74
07 81 66 53 10
07 44 39 52 82
07 35 14 64 66
07 44 07 78 12
07 53 48 00 99
07 78 77 44 18
07 56 84 85 10
07 40 14 15 15
07 40 97 75 14
07 53 10 58 30
07 44 68 81 00
07 40 97 48 23
07 40 97 48 98
07 44 39 86 60
07 80 39 56 00
07 21 60 37 25
07 21 60 37 23
07 38 41 71 01
07 44 05 43 40
07 94 14 28 99
07 22 82 71 28
07 57 27 63 87
07 22 82 77 55
07 45 87 42 61
07 45 87 48 97
07 20 41 63 68
07 76 63 71 00
07 27 51 76 31
07 57 27 79 87
07 61 63 35 00
07 20 41 73 11
07 45 25 18 50
07 62 56 61 00
07 89 33 63 81
07 40 00 62 17
07 57 27 84 92
07 57 57 30 01
07 72 43 19 17
07 72 74 80 00
07 68 66 21 73
07 26 91 38 26
07 49 40 65 92
07 96 72 73 40
07 73 40 64 63
07 26 91 38 16
07 44 39 60 29
07 41 22 66 00
07 78 77 43 02
07 61 36 89 66
07 68 85 67 49
07 27 53 17 79
07 96 60 43 10
07 72 74 17 43
07 73 40 75 35
07 62 57 95 50
07 27 72 33 00
07 23 23 35 45
07 68 85 35 11
07 90 84 35 00
07 91 17 04 10
07 68 85 80 41
07 43 83 32 01
07 21 99 41 00
07 34 43 20 00
07 40 46 29 20
07 66 02 81 81
07 68 85 64 22
07 68 85 64 23
07 53 63 86 30
07 49 40 66 32
07 39 25 53 13
07 44 05 41 65
07 21 60 38 29
07 21 60 38 98
07 90 48 33 33
07 67 14 23 42
07 20 90 77 26
07 62 21 16 26
07 62 93 83 05
07 61 50 45 43
07 43 94 73 27
07 57 27 71 88
07 26 91 80 75
07 45 25 18 60
07 67 14 23 42
07 49 40 38 75
07 49 40 32 77
07 40 46 26 40
07 68 66 22 62
07 20 62 15 59
07 53 73 79 91
07 53 73 41 41
07 53 73 71 41
07 78 77 43 02
07 30 19 23 07
07 56 56 12 06
07 86 71 61 90
07 76 82 59 27
07 73 17 73 00
07 27 51 76 00
07 53 09 56 34
07 21 38 87 00
07 26 91 81 83
07 53 77 57 01
07 56 84 86 07
07 61 50 43 11
07 77 42 13 24
07 59 40 80 48
07 41 51 12 22
07 21 19 06 00
07 32 29 15 03
07 60 95 85 85
07 32 14 60 14
07 97 06 61 20
07 45 67 32 07
07 49 79 99 00
07 69 47 72 30
07 48 38 88 42
07 76 82 20 00
07 77 42 13 70
07 23 23 43 41
07 83 36 63 28
07 57 27 58 00
07 83 68 29 50
07 31 56 73 10
07 59 40 72 17
07 27 94 50 50
07 92 53 27 55
07 27 51 15 92
07 72 44 85 82
07 28 23 70 00
07 61 53 96 02
01 53 63 14 15
04 77 46 21 64
01 55 07 07 77
01 77 56 56 56
01 40 27 21 65
04 72 85 17 40
02 41 25 35 15
01 41 06 62 22
05 56 84 42 52
04 91 94 57 48
01 55 07 07 55
02 41 66 10 66
04 73 17 77 60
01 43 96 71 00
04 72 61 97 07
02 40 74 08 76
04 72 32 50 50
03 88 23 40 31
03 20 06 02 89
04 97 08 28 28
05 56 51 01 53
03 89 60 84 90
01 56 98 21 30
03 83 27 05 38
04 76 42 22 31
01 48 78 28 24
01 45 26 26 25
04 67 920 910
04 37 28 76 84
01 43 71 47 40
03 26 85 14 10
02 99 57 11 26
04 73 19 64 95
04 72 89 31 41
05 56 79 52 11
05 56 79 50 43
03 21 79 17 07
03 24 56 62 61
01 39 23 70 00
05 61 53 06 99
03 21 15 25 40
04 91 14 26 80
01 45 26 59 28
01 45 67 20 82
03 54 95 63 03
01 47 27 77 49
04 93 97 93 70
03 21 71 33 34
02 33 77 86 77
04 78 44 61 61
04 67 59 49 90
04 91 54 43 63
01 53 63 61 20
03 20 30 44 00
01 45 62 80 59
04 91 47 22 50
02 41 36 25 25
02 40 44 90 00
05 62 44 45 95
04 67 58 11 08
03 28 42 94 49
05 53 05 08 11
02 99 31 42 43
03 82 59 86 38
03 23 62 27 66
05 96 75 61 61
03 88 23 77 99
03 80 39 35 47
04 91 46 41 46
01 80 51 71 36
05 56 00 73 87
02 40 08 25 70
03 20 78 81 18
02 41 20 53 80
04 66 87 96 09
04 66 35 56 20
02 41 87 34 20
09 72 32 05 80
03 88 32 66 33
04 72 22 48 16
02 28 03 17 28
02 31 61 19 55
03 81 82 10 50
05 57 92 93 03
03 87 39 46 00
01 40 09 04 10
04 68 58 74 24
04 91 91 00 25
04 50 33 72 24
05 56 34 01 73
01 42 61 58 51
05 49 49 61 20
02 33 91 21 30
02 98 55 47 95
05 46 45 10 64
01 41 72 77 71
04 72 32 50 95
03 88 10 35 60
01 48 74 16 90
02 23 40 10 20
01 44 08 00 15
01 40 79 02 90
04 67 04 60 46
01 45 78 56 23
04 67 28 75 35
02 23 44 69 00
03 22 80 93 72
04 72 53 18 50
01 44 32 30 00
04 42 37 20 00
04 37 37 60 00
02 41 24 82 99
02 32 66 60 42
02 40 74 34 77
04 72 28 93 00
01 44 10 78 10
05 49 76 82 99
01 69 67 77 00
02 31 56 59 55
01 44 41 16 41
01 70 38 89 89
05 56 51 90 30
01 45 22 57 76
01 42 11 10 44
04 73 98 49 60
01 45 58 17 33
02 98 50 84 84
02 35 70 05 05
03 28 38 86 26
05 56 39 81 06
01 42 74 54 84
02 31 53 61 17
01 42 12 77 01
01 45 07 71 83
01 44 01 86 70
03 20 40 00 12
04 72 71 09 28
03 88 23 40 31
01 43 59 80 00
02 51 81 05 00
03 28 36 07 29
02 61 45 19 20
03 20 28 58 58
04 78 58 12 12
09 70 00 04 50
04 80 70 06 53
01 53 35 97 00
02 31 44 39 03
02 31 34 94 49
04 37 48 98 28
05 56 00 02 07
03 88 81 64 51
04 72 02 58 51
04 66 30 40 92
04 63 30 11 30
04 67 45 75 63
02 62 67 19 00
04 67 54 31 61
01 78 52 14 21
01 44 08 00 26
04 99 62 71 58
03 20 29 86 68
01 53 35 97 00
04 67 63 93 59
02 43 59 70 10
05 56 79 52 00
04 75 09 15 72
05 57 10 38 15
05 63 38 60 09
04 67 07 50 00
05 55 87 30 30
04 26 07 81 21
01 53 35 97 00
02 31 82 10 62
02 62 97 32 00
02 99 22 77 22
02 28 44 25 11
01 40 36 19 19
04 92 31 34 59
04 78 25 91 39
05 45 92 66 02
04 99 58 32 85
04 78 29 07 21
05 96 60 65 29
04 71 04 37 35
02 35 14 70 90
02 72 16 48 78
04 96 19 09 10
03 26 89 42 70
05 56 90 00 10
02 40 16 01 21
04 78 42 28 75
04 72 85 72 30
04 72 00 11 71
01 48 90 86 23
04 42 91 88 70
02 62 43 08 01
03 83 30 81 00
01 42 34 97 00
03 20 26 60 74
02 32 74 44 54
03 20 15 16 77
05 56 43 13 13
01 34 52 70 70
02 99 65 50 60
03 20 66 89 90
01 41 11 25 30
04 91 54 06 53
04 42 17 01 70
04 42 17 01 71
04 68 92 53 84
04 73 17 77 60
01 53 82 57 13
02 43 39 39 00
04 72 32 50 97
05 56 12 81 82
04 72 32 51 27
01 47 70 85 03
03 20 90 77 32
01 55 28 82 82
01 42 22 33 16
03 88 14 19 00
01 84 14 03 04
04 75 97 21 30
01 40 72 74 60
03 20 42 78 50
01 47 04 01 96
01 41 16 75 11
05 53 48 41 31
04 73 34 66 86
05 53 47 46 95
02 41 73 20 30
04 76 03 15 99
03 44 67 14 14
04 72 76 52 42
02 99 38 26 46
01 45 70 73 37
04 81 65 33 00
04 78 87 25 25
04 72 71 56 46
04 67 03 49 99
02 99 79 23 79
02 99 30 00 98
03 88 25 88 88
05 56 44 56 22
01 56 07 00 00
01 45 58 17 33
02 31 06 14 50
04 72 77 97 55
01 40 79 38 97
03 20 06 02 89
01 39 50 14 20
04 77 23 63 98
04 26 23 71 50
02 51 89 04 89
01 45 56 15 61
02 98 53 72 91
01 53 35 97 00
05 56 90 00 10
02 31 93 22 43
04 95 08 40 00
03 26 86 64 64
04 66 87 97 59
02 40 50 56 37
04 78 28 38 34
09 83 49 15 10
02 99 05 45 45
04 67 91 31 24
04 99 43 66 54
02 43 75 82 23
03 21 46 55 20
05 53 05 15 61
01 84 23 45 67
02 45 34 01 51
05 46 44 69 35
02 31 46 76 86
04 75 44 12 25
04 67 65 50 85
04 68 67 42 89
01 49 23 75 75
02 98 87 94 93
04 67 81 96 25
01 85 65 15 00
04 94 92 32 84
01 46 93 02 70
01 81 80 32 20
04 42 20 35 53
02 41 96 65 10
04 66 83 50 76
03 59 56 79 76
05 90 48 07 90
04 37 28 74 40
01 47 31 39 39
05 56 90 00 10
04 78 30 10 01
04 72 32 58 99
03 20 57 58 71
01 40 27 25 38
01 53 35 97 00
01 39 44 99 47
03 28 63 76 77
04 72 85 72 24
02 98 42 22 20
02 31 93 09 12
05 90 90 26 11
01 80 22 01 53
02 47 60 26 46
04 91 32 19 29
05 61 39 97 98
03 20 34 35 36
03 87 77 77 80
02 28 01 37 54
09 72 54 70 42
05 61 75 32 32
01 47 40 20 00
04 76 82 60 36
04 73 34 48 00
04 95 32 87 00
03 80 60 56 00
04 78 87 47 47
04 90 17 80 00
03 20 29 87 10
06 81 10 39 43
03 20 81 71 71
01 58 51 52 94
01 58 51 52 96
02 98 14 87 43
03 88 24 88 59
01 42 46 12 91
04 93 53 06 60
01 44 07 91 00
04 94 93 34 56
05 34 30 43 64
02 99 31 12 80
01 48 57 17 59
01 42 22 55 07
05 16 01 00 70
01 49 23 12 12
01 49 23 12 22
03 44 15 67 06
04 90 27 04 23
04 67 63 01 80
04 71 45 46 20
04 73 17 36 10
05 49 61 96 45
01 47 04 95 22
04 79 25 32 54
02 31 53 30 30
04 74 95 24 00
05 61 21 33 11
04 50 87 21 36
01 44 08 00 13
05 56 48 69 60
05 56 44 00 91
01 44 08 00 10
03 22 22 05 66
05 49 33 03 64
02 44 85 59 67
04 76 09 15 72
04 42 91 66 90
05 56 01 22 09
01 44 08 01 37
05 57 57 71 71
04 91 39 52 90
02 41 81 63 66
03 20 74 90 40
05 62 20 08 04
01 69 86 90 41
02 97 42 59 52
02 97 47 66 51
03 54 95 57 41
01 42 22 00 26
02 31 44 34 43
01 45 26 26 25
02 98 44 27 62
01 48 63 12 81
01 78 16 20 00
03 88 65 54 39
01 80 51 71 10
03 61 10 12 20
01 42 24 10 72
02 40 89 95 10
05 63 51 47 47
04 72 10 69 00
02 37 34 42 72
03 26 88 17 44
04 67 61 95 42
04 42 01 16 13
04 72 32 50 40
04 68 56 80 18
04 67 13 75 00
04 91 39 46 91
02 47 20 53 95
01 42 78 51 01
02 40 69 27 54
04 67 60 05 40
01 85 73 23 40
01 44 68 11 47
01 44 41 99 20
01 47 70 37 77
04 91 76 23 64
04 93 94 79 80
04 78 56 35 82
01 48 07 58 48
02 51 82 25 25
04 42 96 64 97
04 93 13 85 80
04 67 54 16 38
05 59 27 34 03
02 43 84 01 32
01 43 35 38 50
03 88 60 16 19
02 40 68 77 77
04 67 60 60 45
03 72 74 04 16
05 65 75 56 68
05 49 88 22 11
04 72 91 36 04
03 88 37 59 00
04 72 02 58 58
05 96 72 73 33
04 70 30 41 46
03 87 39 31 26
03 20 60 65 65
01 45 75 65 75
02 41 79 64 64
05 47 30 43 40
04 90 13 86 46
02 31 94 60 60
04 42 24 82 34
02 23 30 00 11
04 67 72 03 04
03 88 32 45 38
05 59 55 89 55
03 83 35 83 55
04 73 19 53 00
04 42 91 31 20
05 56 49 41 33
05 34 41 53 90
02 97 46 33 80
05 62 26 54 19
05 61 99 53 31
02 35 70 50 41
05 61 19 38 02
04 79 69 28 17
09 70 00 04 10
04 93 29 83 33
04 67 10 57 74
04 67 04 20 01
01 43 70 39 32
01 45 14 64 00
05 57 22 42 42
03 72 74 42 00
04 76 03 74 00
03 83 93 10 40
03 87 39 70 65
09 86 65 60 63
01 84 14 03 29
01 83 64 76 39
02 43 50 25 85
01 30 75 60 50
02 32 92 10 04
03 80 59 20 20
04 73 28 58 50
04 75 82 18 10
04 76 03 00 01
04 72 32 50 53
09 67 08 82 06
04 72 85 73 57
01 53 92 23 00
01 55 99 98 10
01 49 54 28 00
03 68 85 83 75
04 94 64 72 33
02 48 67 55 51
04 37 28 38 00
02 99 84 39 39
04 72 85 71 73
03 26 36 80 00
02 99 67 46 67
04 75 44 42 42
04 68 32 35 33
04 72 32 67 38
02 99 36 64 64
03 44 66 36 12
01 55 90 06 30
05 45 68 06 78
05 45 90 33 30
05 90 93 76 00
04 66 29 74 26
03 84 58 33 10
05 61 36 81 00
05 49 38 08 38
05 61 34 36 36
04 67 36 08 42
04 67 20 20 00
03 20 24 23 23
01 41 17 12 12
03 86 49 26 22
01 30 87 47 83
05 56 79 52 11
05 56 79 50 43
04 68 56 62 20
01 83 64 75 22
02 62 90 78 46
04 96 13 34 00
01 46 47 29 07
03 26 35 61 35
03 83 41 61 60
02 37 84 04 70
02 38 79 24 67
01 42 36 49 09
02 40 29 15 92
04 75 78 50 80
04 92 00 00 92
05 62 71 65 40
05 59 98 40 47
02 51 13 50 70
03 21 19 56 40
01 43 35 44 28
04 42 26 84 26
02 32 83 42 20
05 62 93 10 31
01 49 98 11 11
05 57 83 14 12
01 47 00 17 26
04 42 17 01 60
03 28 76 96 60
02 99 41 74 25
02 31 86 42 56
01 46 20 31 31
02 99 94 75 61
05 61 11 02 60
03 88 22 65 08
01 44 39 45 90
01 45 49 50 50
01 41 17 12 12
01 40 79 38 97
02 23 21 07 07
04 91 18 10 50
05 56 44 80 41
04 99 52 74 00
05 56 00 10 10
03 27 23 73 00
01 69 31 80 82
04 72 15 22 30
04 71 48 35 03
04 78 15 05 05
03 27 81 29 90
05 57 54 02 00
01 43 14 02 22
04 50 33 65 50
01 43 42 43 22
02 43 47 38 62
03 20 28 38 00
01 47 00 06 56
05 45 93 60 70
05 31 47 12 11
02 43 80 38 94
02 41 66 67 66
04 67 10 58 58
05 90 21 06 46
05 53 22 12 00
04 99 64 91 45
03 88 22 13 08
04 67 04 20 01
04 71 63 72 85
03 25 83 11 22
04 72 36 40 02
02 99 14 14 32
02 98 22 27 05
03 87 75 44 11
02 99 05 93 00
03 88 21 44 44
01 64 14 33 00
05 53 98 98 98
04 68 41 76 93
02 85 52 32 02
02 38 22 72 82
02 98 82 07 40
02 97 46 31 00
02 98 29 23 23
05 56 88 38 91
04 50 98 33 06
03 20 34 35 36
04 42 23 16 52
04 66 38 87 00
02 99 75 02 20
02 98 90 19 33
04 72 83 27 27
02 99 05 94 31
07 68 76 31 96
04 67 15 01 66
03 83 95 36 13
04 99 77 01 42
03 20 15 16 77
02 99 65 00 21
02 99 27 41 59
02 98 55 70 40
03 89 60 09 60
01 44 68 10 07
01 44 68 10 08
02 33 80 84 00
03 88 60 79 79
03 61 10 12 20
01 43 46 24 09
02 40 76 60 87
01 40 62 06 00
04 93 68 42 11
02 33 78 86 88
03 26 40 04 01
04 42 24 82 30
03 68 85 82 06
04 76 82 60 00
03 88 32 76 10
01 49 29 00 23
02 43 64 36 64
03 20 74 64 90
04 90 82 15 00
01 53 63 81 81
03 88 23 77 99
04 99 13 63 50
02 47 05 52 84
03 20 54 90 90
05 53 45 50 00
02 40 35 36 37
04 78 78 70 64
01 44 68 11 47
04 42 95 18 65
03 26 86 64 64
04 67 69 06 55
03 20 21 97 80
05 61 23 22 91
04 71 02 01 39
01 49 54 25 25
02 51 81 64 58
01 53 35 97 00
02 33 88 73 33
01 72 74 80 00
01 39 24 62 00
04 67 61 72 80
05 34 45 51 50
03 20 54 32 32
01 30 68 09 10
04 91 26 00 20
05 61 21 31 03
02 98 44 29 33
03 88 37 99 85
05 55 38 48 58
01 53 95 29 29
04 42 20 42 20
01 55 87 25 50
03 87 31 50 30
04 75 81 72 50
03 20 70 06 06
02 23 46 09 88
01 44 09 42 02
05 34 31 35 00
03 68 85 85 00
03 80 67 15 71
05 55 31 67 18
02 32 74 44 63
01 42 93 90 90
03 83 53 39 39
04 93 85 16 67
03 20 90 48 40
04 42 69 00 24
04 78 37 49 74
08 00 60 06 33
03 27 72 00 25
01 40 53 00 44
02 41 86 09 17
09 80 70 06 52
02 40 35 28 82
02 43 91 47 47
03 26 05 94 60
04 90 14 15 90
02 41 81 66 30
02 99 35 46 00
04 42 29 74 72
03 88 10 83 84
02 31 47 47 00
01 48 07 73 50
04 67 16 65 65
04 67 63 93 59
04 89 92 68 09
04 66 38 87 00
05 59 01 00 73
03 25 83 13 00
01 46 06 33 84
02 43 91 47 43
02 99 59 13 10
04 99 51 21 30
04 42 29 74 72
01 39 50 17 94
03 22 71 71 00
05 90 48 33 55
01 53 32 85 70
02 97 83 62 07
05 46 84 11 83
04 37 70 82 12
09 81 90 55 76
02 99 71 60 20
05 55 31 67 24
05 61 56 91 81
02 31 47 33 53
04 67 99 48 10
06 98 00 49 16
01 53 14 59 29
01 45 35 28 28
01 53 35 97 00
01 40 27 25 16
03 85 42 36 86
02 40 33 30 83
04 67 50 58 89
05 56 79 50 80
01 55 43 26 65
04 91 95 50 00
03 26 65 11 75
05 65 77 77 00
04 72 32 51 67
05 56 12 81 95
05 61 15 85 00
05 46 88 80 00
04 72 12 01 01
01 53 38 50 00
01 53 76 88 00
01 46 55 39 19
01 49 46 57 00
04 42 60 43 40
05 59 31 21 70
01 42 08 84 83
03 69 77 77 20
02 55 58 65 00
01 43 54 15 39
01 40 79 92 79
01 41 87 22 32
04 92 07 73 73
04 73 42 37 07
04 42 20 62 06
03 20 54 54 52
04 66 67 85 40
01 42 46 24 64
05 90 21 23 23
05 49 49 42 55
03 88 37 59 03
01 53 76 88 00
01 80 97 65 21
01 45 53 19 91
05 56 08 70 70
08 11 69 00 00
01 80 97 65 80
04 50 09 27 98
04 42 64 62 00
03 80 58 99 58
01 43 90 21 21
03 20 28 29 34
03 20 24 23 23
02 31 44 32 11
04 93 53 36 70
01 53 27 60 74
05 56 43 13 13
04 99 43 55 78
05 90 86 84 15
02 40 90 50 00
02 40 16 10 10
04 72 44 43 43
01 55 42 75 00
04 72 82 17 17
01 64 69 35 00
03 81 31 60 60
09 70 28 24 00
03 86 83 45 14
04 70 08 50 00
02 23 18 23 18
04 77 81 15 15
02 99 86 11 00
01 43 73 20 40
02 40 49 87 46
04 42 52 35 10
01 61 38 05 75
01 44 08 01 05
01 44 08 00 11
04 78 37 81 81
01 44 08 00 14
04 26 84 52 10
02 31 93 22 43
04 78 69 10 80
01 44 08 00 12
04 91 33 12 23
01 53 32 77 00
02 40 89 90 50
03 27 88 79 74
03 25 71 22 22
04 93 88 41 34
02 54 55 37 30
01 48 31 16 62
01 40 40 45 45
01 45 89 31 32
03 27 83 81 42
01 81 80 15 15
01 49 23 12 12
01 49 23 12 22
01 43 71 28 53
04 75 02 26 42
02 41 88 24 50
04 68 08 63 70
03 21 99 91 20
01 42 64 77 71
01 43 54 31 12
04 78 29 81 30
04 92 00 00 92
01 53 86 00 22
01 58 39 36 62
01 48 07 13 39
01 43 07 04 13
01 39 07 40 00
02 46 67 39 65
02 23 23 82 00
01 64 53 31 00
04 99 61 22 00
02 43 43 31 00
01 55 43 23 23
01 44 08 16 61
04 77 42 01 23
02 98 03 84 00
02 43 21 40 00
04 42 61 66 25
02 43 59 24 24
04 26 23 71 42
04 67 14 31 60
02 98 23 46 00
05 61 55 95 13
03 15 85 58 66
04 56 52 91 00
03 44 23 88 00
01 49 54 52 00
01 49 54 52 43
01 64 15 30 01
03 20 33 55 77
01 46 77 46 77
04 76 82 69 00
04 72 77 06 00
04 99 51 21 30
01 49 40 36 59
03 20 30 40 50
03 25 71 76 00
05 45 67 05 92
01 44 08 01 01
01 75 64 50 41
02 96 46 90 00
01 30 75 62 60
02 23 48 50 00
01 43 43 05 51
05 34 42 20 02
01 71 39 88 00
09 53 80 67 15
05 58 05 33 71
04 78 92 94 57
01 58 62 51 51
03 68 98 60 73
05 63 33 23 76
01 83 96 86 86
01 40 09 18 58
03 88 75 03 75
02 40 74 00 32
07 60 12 84 29
04 67 73 53 35
05 56 57 44 44
02 98 34 88 00
03 22 33 65 50
03 83 95 35 10
04 67 91 89 89
03 80 24 56 96
04 70 02 27 49
03 24 33 72 50
02 48 69 78 78
04 91 55 35 74
02 48 48 13 60
01 44 08 11 44
01 61 37 34 94
01 40 01 80 00
03 85 47 95 29
03 22 80 52 50
04 76 87 74 75
01 43 67 16 17
01 48 78 89 36
06 98 88 65 50
05 34 40 60 20
05 59 59 48 41
05 56 44 56 22
05 59 47 80 02
05 55 45 95 50
04 76 86 61 30
04 70 58 42 70
03 26 21 12 43
01 43 46 86 96
02 54 08 35 70
01 55 35 18 00
04 78 79 50 50
04 50 33 72 18
02 98 00 89 99
01 45 62 23 16
05 62 11 50 50
04 72 17 53 21
04 73 34 71 50
04 77 49 65 30
02 14 37 25 50
04 90 99 46 90
01 42 86 57 01
05 65 75 56 65
05 61 00 38 38
02 40 00 17 00
02 41 22 54 54
02 23 23 66 00
03 68 85 85 25
04 79 25 36 55
03 86 49 28 54
05 40 00 25 31
04 99 65 41 81
03 85 90 98 60
05 56 95 50 50
02 54 55 84 00
05 46 45 19 17
03 88 10 39 73
02 40 52 40 35
03 67 18 04 01
09 50 56 36 11
03 84 96 71 21
05 61 62 35 37
05 65 20 48 60
01 42 09 99 17
04 26 29 01 01
05 96 64 98 41
04 91 82 78 00
02 41 73 47 47
03 26 77 47 47
04 72 85 71 71
03 25 71 22 22
01 55 25 46 27
05 56 00 73 73
04 67 52 04 66
05 59 92 64 64
02 40 37 34 34
03 72 74 35 00
04 90 17 83 24
01 69 33 33 01
04 76 82 72 33
04 67 14 43 00
02 99 05 32 32
03 88 24 82 82
01 41 17 65 25
01 55 17 80 00
01 39 25 38 50
01 69 93 50 30
03 72 74 46 00
05 59 43 84 00
04 95 30 96 34
03 83 15 18 60
02 98 64 19 49
03 84 58 30 00
03 68 85 45 10
05 56 95 50 50
04 72 18 89 89
02 51 78 54 54
04 50 09 65 05
03 20 22 61 61
02 99 05 84 00
02 23 23 80 00
01 69 85 12 12
05 57 99 71 00
04 93 95 44 44
05 35 54 28 70
01 40 44 39 30
04 76 76 50 69
02 96 87 63 30
03 81 98 81 59
03 89 64 62 55
05 90 89 18 40
01 48 09 04 57
04 97 24 75 11
05 49 44 43 15
05 61 60 90 96
02 62 71 75 30
04 67 52 47 34
02 43 43 43 30
02 96 92 10 33
04 78 86 30 00
02 99 28 24 55
02 99 28 99 40
05 53 64 81 50
03 27 69 43 31
03 27 69 43 32
03 86 54 34 81
02 98 62 61 98
05 45 91 36 00
02 33 12 32 11
04 95 59 10 16
02 32 71 69 40
03 87 55 38 99
05 58 91 46 70
03 89 12 42 91
05 55 51 70 60
06 30 91 12 41
01 45 43 02 02
09 52 20 46 03
04 67 91 71 72
05 16 01 00 70
02 51 84 06 33
04 78 29 28 23
04 77 91 16 30
03 27 51 12 02
04 76 41 00 00
04 79 60 23 70
05 49 88 82 42
04 30 06 12 00
01 40 85 64 71
01 45 77 39 66
03 81 87 81 30
05 56 52 90 52
05 57 14 21 10
03 29 68 50 66
04 42 93 41 13
03 69 77 65 00
02 98 00 87 20
05 49 60 21 79
04 66 76 71 59
02 35 53 30 31
04 72 19 26 26
04 90 99 33 33
03 81 87 87 00
04 76 69 83 00
03 88 14 47 00
02 99 05 88 00
04 73 44 06 00
03 72 74 87 00
03 28 38 48 48
04 76 82 63 00
01 69 36 73 50
01 49 08 56 50
04 42 25 79 35
01 45 15 03 20
03 68 85 26 07
03 68 85 26 00
05 57 00 67 00
05 56 84 69 00
04 42 93 81 35
03 89 33 69 00
05 55 43 69 60
05 59 32 57 62
04 99 52 98 68
04 67 66 88 40
01 42 46 15 55
03 27 24 80 12
04 42 96 17 27
01 55 65 01 88
04 78 24 88 39
04 91 82 71 00
05 56 12 40 56
01 42 33 57 90
02 54 57 25 07
04 93 38 73 30
01 43 57 07 75
05 56 33 49 10
01 53 41 21 00
01 43 70 00 22
01 47 63 85 72
03 84 36 62 10
04 79 61 96 71
03 44 06 76 02
02 40 52 40 52
03 20 33 55 77
02 43 83 35 93
03 72 74 36 00
03 21 74 85 85
05 59 40 78 00
03 20 62 22 10
04 76 57 46 01
03 87 37 54 30
03 21 38 85 54
03 28 76 73 00
02 33 81 26 00
05 62 24 21 40
05 62 44 27 00
02 38 41 70 50
03 44 23 44 23
02 40 73 18 25
03 21 71 50 44
03 28 38 77 50
01 48 83 14 67
02 99 29 68 00
03 28 63 72 93
02 40 69 15 13
03 59 63 43 20
03 20 70 03 00
02 97 35 31 70
03 80 48 83 40
01 42 78 48 45
01 42 22 59 73
01 47 00 29 37
04 77 47 88 00
03 69 06 37 77
04 78 38 40 00
01 53 90 15 20
01 60 95 84 00
04 78 42 92 39
01 30 73 66 66
01 64 53 31 00
04 77 43 84 84
04 50 09 66 00
05 55 42 36 70
03 87 76 44 50
02 51 47 70 70
05 40 00 65 65
02 41 20 73 73
04 91 05 45 45
02 97 62 11 81
03 83 59 55 43
05 57 57 10 44
03 72 74 96 00
02 98 05 66 00
05 61 07 80 80
03 81 40 27 00
09 70 00 03 80
02 32 95 97 00
05 55 31 67 03
02 31 45 27 50
03 28 38 48 58
03 82 59 86 35
05 61 15 30 30
05 49 49 80 80
05 46 45 80 00
01 46 29 94 90
02 51 47 48 91
02 96 01 26 56
02 96 94 21 85
01 60 95 81 00
04 66 62 85 42
03 26 79 35 78
02 97 88 05 59
05 63 51 24 01
02 41 22 54 54
04 77 43 84 84
03 23 68 06 11
03 87 76 47 47
01 57 27 65 39
04 66 65 65 65
04 72 18 54 70
02 31 56 73 42
03 20 41 75 23
02 38 22 00 88
03 80 58 20 10
01 43 70 41 36
09 83 36 26 94
03 26 77 47 47
05 61 62 36 16
04 78 62 16 53
01 42 16 07 10
05 63 71 60 50
03 20 92 06 99
03 20 86 77 91
02 41 49 66 57
03 20 49 05 05
03 20 16 03 60
05 49 44 43 15
02 99 17 70 94
02 33 31 67 00
03 80 29 35 02
04 94 09 27 72
04 68 42 66 11
03 68 85 80 00
05 49 11 01 94
02 51 47 70 80
04 72 85 71 71
02 41 73 47 47
03 84 54 53 53
01 53 36 44 00
04 72 78 55 66
05 31 08 70 25
05 62 48 54 85
05 62 44 15 21
04 95 20 10 46
02 51 40 80 20
04 90 23 77 15
04 77 49 24 66
01 55 65 50 88
02 41 49 10 20
03 83 92 51 51
02 43 67 95 95
03 83 34 43 22
05 56 56 34 31
03 26 78 77 93
04 74 45 43 91
04 77 45 10 41
02 47 88 43 43
04 71 60 63 53
03 44 77 50 48
04 90 44 92 70
04 90 44 93 70
04 26 73 96 51
01 60 74 10 29
03 22 25 64 90
04 94 60 44 75
04 68 41 19 19
05 62 24 38 97
01 84 14 02 98
05 61 39 97 98
02 32 10 25 10
01 44 08 00 75
02 40 50 87 82
01 49 45 29 00
02 28 03 69 06
04 67 04 71 00
03 87 76 44 50
02 35 59 66 29
03 86 49 26 18
01 69 33 86 00
05 34 32 20 00
05 56 84 53 33
03 26 69 26 89
03 72 74 48 00
03 72 74 69 00
01 69 85 12 12
04 76 57 47 62
02 32 82 92 00
02 32 82 91 99
01 56 20 62 00
02 97 70 72 15
03 20 33 53 53
03 44 06 76 02
02 40 52 40 52
05 61 00 38 38
03 20 33 55 77
02 41 23 55 55
01 40 79 44 00
03 27 51 15 39
03 20 43 41 24
02 29 00 11 11
05 49 45 37 19
03 72 74 39 00
01 56 02 61 20
04 72 18 04 80
04 73 98 13 13
04 77 91 58 88
03 20 73 38 04
01 43 26 00 66
01 41 31 83 10
04 91 82 83 10
03 26 47 12 86
03 21 38 25 06
05 34 40 12 00
04 91 47 21 22
02 62 45 71 70
02 98 55 61 57
04 74 93 54 05
01 40 13 86 25
04 97 13 37 30
01 46 42 88 77
01 44 65 23 00
02 14 37 25 00
05 56 51 34 93
04 91 82 85 00
02 48 48 40 00
05 57 35 07 07
03 59 56 69 46
01 34 25 10 10
01 47 52 64 57
05 55 31 67 03
04 72 43 17 00
03 20 33 53 91
01 30 75 60 20
01 41 16 71 72
05 62 17 40 00
05 34 32 33 00
03 85 59 53 53
02 40 68 32 00
03 68 98 69 32
03 20 73 23 29
01 43 54 23 14
01 44 83 81 50
05 57 35 11 00
05 90 82 13 60
04 93 89 10 10
01 53 24 64 34
01 30 30 54 44
03 89 41 67 96
04 91 17 08 40
01 41 17 12 12
02 41 24 14 50
04 50 33 87 18
04 50 23 00 00
03 88 32 25 35
04 77 42 35 42
01 84 67 00 01
02 40 20 30 50
05 56 33 36 76
01 41 72 08 32
01 40 51 82 71
05 56 48 14 70
04 93 20 60 41
01 47 20 08 44
01 47 07 17 07
05 61 62 00 00
03 28 36 67 90
01 45 57 60 60
01 41 58 11 22
02 30 96 20 10
04 94 91 82 50
05 57 87 33 61
01 47 70 23 83
01 44 08 01 19
01 85 08 26 86
05 45 94 00 76
09 71 00 03 01
04 70 98 50 75
01 80 51 71 08
02 40 00 17 00
03 21 51 67 18
03 21 51 81 59
04 93 95 75 75
04 77 23 63 90
03 80 77 25 25
03 90 40 29 90
01 60 95 74 21
02 51 44 98 28
03 88 10 35 60
01 41 13 48 96
02 38 22 00 88
03 20 15 84 44
05 46 45 19 17
01 56 20 62 05
01 64 15 30 00
03 89 33 68 00
04 72 04 70 70
03 27 51 35 16
03 72 74 59 00
01 69 36 73 50
01 84 07 15 15
01 41 13 01 51
04 72 43 83 83
05 87 50 23 00
02 40 18 12 12
02 99 84 45 00
02 35 59 50 89
02 44 68 75 00
04 92 96 50 50
02 62 48 33 05
03 25 42 20 80
02 35 53 30 31
01 72 69 63 00
02 44 73 43 40
02 97 02 23 00
05 53 47 82 09
01 47 03 50 00
01 55 04 56 50
01 47 70 44 78
04 78 92 92 83
04 74 09 26 83
04 68 61 15 50
03 87 55 38 91
05 49 60 76 69
01 47 41 28 67
05 55 92 79 55
04 67 92 15 43
01 34 83 77 01
01 58 17 18 50
03 29 45 88 09
05 57 41 96 92
02 32 88 00 71
02 32 88 56 18
03 27 88 94 00
02 62 90 51 50
04 74 05 47 00
02 40 96 41 22
03 21 09 05 47
05 62 61 31 51
02 99 33 39 07
05 59 46 58 58
04 72 85 73 63
04 79 25 32 54
02 32 82 57 00
03 20 15 45 00
01 44 40 80 40
05 62 21 01 98
04 79 37 14 01
03 86 49 40 72
04 72 68 78 30
03 81 31 25 06
04 67 91 31 51
03 20 13 04 60
02 43 59 70 10
01 40 95 10 11
01 75 00 00 75
04 66 87 97 28
03 90 22 14 55
04 94 93 66 00
03 80 81 84 44
04 76 56 42 34
04 72 32 51 98
02 23 23 60 15
02 32 88 85 99
03 87 95 89 00
03 20 99 30 61
05 65 20 50 14
02 51 79 09 79
02 41 49 66 57
02 40 84 68 14
03 25 71 22 22
04 90 11 21 64
01 64 53 31 00
04 27 85 85 85
09 70 00 03 80
01 44 08 16 61
04 73 28 80 00
02 41 96 65 10
02 41 86 67 67
05 63 49 30 00
03 68 85 46 82
01 30 75 60 40
03 72 74 40 00
01 69 85 12 12
03 26 91 33 99
02 32 82 92 00
02 32 82 91 99
01 60 76 42 37
01 60 76 41 11
03 27 71 22 22
04 76 82 79 02
02 33 01 42 00
01 44 39 06 00
02 43 59 47 00
05 34 32 39 00
04 93 00 81 00
04 73 40 75 00
05 56 84 65 00
02 51 85 81 00
02 32 28 75 55
02 32 74 49 00
01 45 92 65 00
04 72 18 60 00
02 40 37 16 00
02 23 48 50 00
01 69 08 81 41
03 80 39 60 09
01 55 43 23 23
01 44 27 66 81
04 66 78 50 00
01 45 49 88 00
04 91 10 68 65
03 83 39 68 00
03 81 66 66 90
03 20 25 64 64
02 47 36 14 14
01 55 64 04 40
05 59 43 84 00
04 42 97 14 20
04 72 18 89 89
02 32 91 58 58
02 31 46 23 00
01 41 23 90 50
01 45 96 03 58
03 80 58 98 90
04 42 24 20 00
01 44 08 00 05
09 82 59 51 26
01 58 39 36 72
01 45 77 68 02
01 48 41 72 89
01 39 51 83 72
05 16 29 03 21
01 73 70 92 78
01 84 07 13 20
09 72 47 68 61
03 89 46 89 92
01 44 24 62 76
01 44 27 73 13
01 40 51 90 00
05 61 33 80 60
05 61 22 28 61
01 48 11 04 60
03 22 66 49 90
03 27 22 57 30
02 36 70 49 80
02 32 08 13 50
04 72 00 08 03
04 92 31 52 36
03 80 30 21 27
04 72 76 80 60
03 88 22 44 22
03 83 98 29 44
02 38 79 21 33
04 94 62 01 48
04 73 80 94 80
01 44 25 25 25
04 77 25 12 98
01 39 50 24 53
01 42 41 88 00
03 81 41 39 83
05 67 70 67 10
02 31 56 53 54
02 38 22 72 82
05 49 49 61 20
03 21 17 10 05
03 80 77 25 25
04 94 03 89 50
02 99 33 04 36
04 72 18 54 70
02 32 95 51 00
03 20 21 59 50
02 99 12 70 00
03 20 21 59 50
02 57 22 08 11
04 73 40 50 00
01 30 97 28 70
05 59 02 20 06
04 97 13 50 00
01 40 40 04 44
02 44 01 22 66
05 55 43 14 00
01 41 96 20 00
01 55 25 80 10
04 78 42 09 96
02 47 60 29 29
03 87 39 61 34
04 76 46 48 44
04 72 65 09 68
02 23 62 22 50
01 45 22 58 12
01 47 70 23 83
02 72 79 86 90
04 75 79 24 00
04 88 71 84 20
01 53 06 88 00
02 51 25 00 20
04 99 04 76 10
03 20 61 95 50
03 20 61 95 54
01 43 07 04 13
02 44 09 26 00
02 23 62 22 60
04 32 73 04 80
01 40 47 40 00
01 40 47 40 47
01 44 08 00 62
01 44 88 20 20
01 40 26 99 14
05 61 16 53 87
04 42 27 43 15
04 72 33 00 00
03 20 00 72 64
01 49 83 24 24
05 62 24 02 30
02 31 53 00 82
03 68 85 03 53
02 90 91 51 00
05 55 31 67 03
04 72 43 17 00
04 75 75 94 00
03 86 71 50 00
03 22 66 20 00
01 81 87 17 40
05 34 50 50 50
01 69 85 12 12
02 40 44 42 00
03 26 77 47 47
03 20 15 45 85
02 41 20 49 00
02 99 54 63 63
04 72 18 02 20
04 50 37 14 32
01 80 97 65 60
04 67 10 57 56
02 85 52 64 41
05 61 39 24 25
01 47 04 95 22
05 56 01 77 60
04 78 38 21 92
01 40 40 20 30
04 78 75 74 13
03 28 23 68 00
04 78 78 37 20
05 57 87 72 25
05 49 60 97 97
02 99 02 22 00
04 37 46 18 40
02 98 98 66 82
04 92 03 64 53
04 97 07 22 23
03 23 75 72 99
03 23 24 34 98
02 43 28 66 37
01 41 45 66 01
01 41 45 66 02
02 53 48 20 49
04 93 13 70 80
05 63 92 80 32
04 13 42 75 00
02 31 56 83 28
01 39 63 93 38
03 84 47 28 87
02 51 46 08 09
04 67 46 57 77
02 40 47 10 98
05 49 78 25 02
03 86 26 54 49
01 30 33 59 49
05 55 50 96 85
03 26 58 70 23
03 23 23 66 92
02 41 73 59 79
01 42 61 74 51
01 42 61 74 52
04 77 96 71 30
03 28 28 56 80
03 60 12 82 30
01 46 25 21 82
01 44 43 58 00
04 77 33 65 64
04 67 64 94 40
03 88 54 11 10
03 83 35 38 01
03 21 84 86 39
02 43 06 37 25
03 85 27 51 07
01 43 79 92 00
04 42 84 71 55
02 99 94 75 00
04 74 73 11 21
04 37 28 69 69
03 28 36 10 10
03 26 64 60 53
04 71 67 33 33
04 73 75 19 20
04 76 76 50 60
02 35 28 61 00
03 20 17 21 40
04 92 30 16 15
04 75 53 43 40
03 80 65 84 00
04 91 74 47 05
04 77 25 03 51
03 84 75 80 44
03 86 48 47 17
01 48 95 57 61
03 25 56 92 57
01 69 29 76 22
02 98 05 22 40
04 72 68 05 05
02 98 21 55 60
02 48 24 16 77
04 91 08 55 71
01 42 35 60 31
02 44 71 34 43
04 75 75 87 28
05 55 18 94 27
01 34 43 30 00
03 80 72 59 00
03 24 56 62 61
04 93 18 99 66
01 53 63 36 00
04 27 85 86 87
01 60 76 46 21
02 41 49 52 60
03 20 15 84 41
01 40 53 99 99
04 93 84 83 58
04 72 85 72 72
02 43 50 25 85
04 67 10 25 00
02 54 55 64 08
04 50 63 62 55
02 97 73 24 03
02 40 84 67 03
02 40 84 67 62
03 20 44 60 75
01 45 17 16 05
05 57 87 64 46
04 68 61 66 36
04 68 25 27 04
02 32 95 11 98
02 98 01 71 65
03 44 23 68 50
05 59 69 70 26
04 74 31 30 41
04 67 54 72 20
01 69 92 52 71
02 72 34 18 14
01 46 59 20 76
05 61 39 03 63
01 47 38 66 00
01 80 97 66 00
04 66 87 96 59
01 41 16 73 00
04 72 85 71 25
02 98 10 16 16
02 32 82 57 00
04 94 19 48 34
03 84 82 02 07
04 91 82 78 00
05 57 99 37 27
02 31 93 22 43
05 45 90 13 52
01 34 23 27 01
03 88 11 55 84
02 47 47 47 31
05 46 82 80 50
02 99 62 83 56
04 96 12 11 11
04 76 76 52 57
04 67 33 88 81
04 72 11 79 79
02 31 56 83 24
04 76 76 50 65
05 49 44 44 41
05 53 31 76 21
04 66 68 69 10
04 78 77 28 41
01 39 27 47 33
01 39 90 58 45
04 78 76 52 22
02 43 08 22 26
05 53 40 53 05
05 53 49 90 43
02 31 66 24 60
02 33 24 95 70
05 96 55 69 06
01 48 11 49 30
02 37 46 82 43
03 21 01 26 79
04 78 43 24 50
02 32 27 79 05
04 91 69 88 31
05 61 53 12 14
03 25 30 70 09
04 70 46 86 10
02 38 49 44 96
02 62 96 28 70
05 55 86 73 00
02 51 47 84 40
01 58 80 87 92
03 88 05 34 00
01 39 25 58 20
02 97 27 67 70
01 39 25 48 33
05 62 25 80 30
04 50 09 22 22
01 64 13 44 88
02 96 46 93 00
04 95 61 16 52
01 40 91 24 99
03 26 64 60 53
03 80 24 44 49
03 87 90 67 40
02 31 61 33 79
02 31 56 83 22
02 32 73 38 30
02 32 14 75 23
02 43 81 06 52
05 63 58 30 60
04 76 76 52 54
02 97 06 97 30
05 49 44 44 31
04 95 29 81 85
03 26 78 74 67
04 73 75 03 15
03 29 23 41 24
05 94 28 96 42
04 67 33 88 63
04 77 81 02 00
02 32 07 29 35
04 72 54 33 50
04 32 40 37 00
02 32 88 06 97
05 49 44 41 22
05 61 32 41 80
04 94 78 57 93
04 72 11 53 38
02 41 62 19 97
01 48 04 90 50
05 59 84 93 93
03 20 93 70 16
02 33 31 67 12
01 42 88 80 80
03 88 18 61 31
03 83 93 36 00
05 61 32 40 20
01 44 39 71 30
02 40 14 87 32
01 47 94 98 98
03 89 63 61 75
03 44 44 43 08
02 96 05 71 96
03 88 71 62 92
03 21 21 10 64
03 21 21 25 10
02 48 68 45 20
04 32 40 37 00
04 91 34 13 41
03 82 44 72 65
02 43 91 65 00
05 49 61 60 73
03 89 64 82 60
04 68 82 71 17
03 88 23 14 14
04 94 00 58 78
05 58 51 37 00
01 42 86 47 23
01 42 86 47 22
01 42 86 47 24
04 91 17 79 21
02 54 55 21 33
04 70 30 43 91
03 44 64 46 46
02 33 01 45 00
03 84 58 77 12
03 26 21 81 83
03 89 20 23 58
03 85 42 43 44
03 25 42 46 46
02 33 77 43 50
04 50 45 13 91
03 85 42 36 46
03 20 54 58 92
01 45 38 56 01
02 40 89 07 52
01 42 26 26 60
01 46 93 02 70
01 45 51 32 59
05 62 44 15 21
05 53 05 08 11
03 28 53 00 00
02 38 15 39 02
01 64 62 62 40
05 46 51 77 00
05 61 32 40 80
01 39 27 50 28
01 47 16 95 31
04 66 39 65 50
05 56 61 52 12
02 41 35 39 26
01 45 58 56 56
02 33 20 76 36
04 71 46 56 22
03 20 92 06 99
02 47 47 37 42
05 61 32 40 60
04 75 20 16 26
04 75 43 20 03
02 37 44 63 93
03 20 13 47 36
02 51 79 09 79
05 45 67 05 92
02 41 96 65 10
04 94 91 82 50
03 88 36 02 88
03 54 50 25 38
03 84 86 42 03
02 47 22 41 69
04 70 02 50 50
04 79 69 65 91
04 72 85 73 73
03 44 38 55 00
03 25 71 22 22
05 57 87 72 29
05 65 75 56 86
05 53 48 41 31
01 80 97 65 50
03 83 85 25 51
02 97 46 84 00
03 81 21 82 13
01 39 38 79 60
03 86 92 33 66
03 85 44 65 72
02 51 36 65 56
02 43 81 06 52
02 33 68 62 52
03 29 68 74 01
02 31 81 32 19
03 20 96 23 22
03 89 21 22 50
05 55 23 79 79
01 34 85 43 18
01 40 27 22 55
02 33 62 62 80
03 20 15 84 42
05 61 31 56 70
04 91 78 50 50
01 42 04 94 79
02 31 56 83 19
01 49 68 91 60
03 21 88 74 40
03 20 44 60 75
01 42 61 01 25
04 91 341 341
02 35 54 65 81
02 44 71 34 42
02 47 47 80 18
02 31 56 83 20
03 90 40 19 47
04 68 24 59 90
02 98 01 64 73
02 43 91 65 10
04 94 14 72 16
03 89 64 82 42
02 38 69 72 65
05 61 32 41 00
04 42 39 76 70
02 51 59 91 75
02 99 28 43 79
03 83 28 72 14
05 53 22 23 00
04 73 17 01 00
01 55 48 93 50
01 53 09 13 21
03 26 06 54 84
05 56 84 20 20
04 77 10 13 70
02 41 22 17 30
03 80 72 64 50
03 22 45 56 09
05 56 79 54 37
05 57 25 49 16
02 32 88 80 83
02 99 28 25 67
02 40 14 87 32
03 26 68 35 71
02 48 52 90 50
01 64 35 21 50
03 20 91 79 79
03 23 38 54 46
05 65 55 17 50
03 69 55 34 88
01 41 58 56 70
05 61 32 40 50
03 80 89 64 42
03 68 85 35 03
01 49 36 71 09
01 49 36 71 10
03 21 88 74 40
03 87 23 23 51
02 35 59 40 28
05 61 32 41 79
04 72 11 55 60
01 43 09 31 96
01 43 09 31 27
02 99 28 93 07
04 67 13 89 35
05 53 69 70 20
04 78 83 40 88
03 22 66 81 12
03 83 51 83 33
04 67 28 70 19
01 56 62 26 26
04 66 49 48 32
03 85 88 43 01
03 85 88 43 61
03 20 44 55 23
05 45 24 25 34
04 73 51 10 00
04 37 61 67 10
04 66 68 69 28
05 87 75 32 00
05 96 55 23 70
03 29 52 83 60
05 55 43 69 91
03 84 79 41 40
04 99 23 23 00
05 59 92 47 70
04 78 27 46 13
03 20 48 12 70
03 21 21 10 64
01 61 69 66 63
04 92 40 77 70
01 39 27 42 91
01 60 95 78 67
02 47 47 87 61
05 59 57 43 03
05 57 12 20 44
03 27 53 17 70
01 48 38 88 34
01 48 38 34 34
03 21 38 87 00
03 27 51 12 52
03 72 74 33 40
03 85 73 10 10
02 43 59 49 01
05 56 00 95 56
02 33 80 85 00
05 56 84 57 21
01 49 40 44 08
05 63 62 11 50
04 81 65 26 00
04 66 62 85 00
04 74 45 50 50
01 49 03 41 70
04 72 16 22 07
02 47 47 47 31
01 43 86 23 73
04 66 29 50 25
02 43 43 28 14
04 91 96 80 85
04 68 24 27 90
02 43 43 51 42
04 75 07 75 78
02 98 56 04 01
02 51 20 41 64
04 74 52 27 05
04 67 10 79 99
03 26 78 74 53
03 21 96 79 36
01 45 59 32 64
03 20 14 93 00
02 47 62 33 33
03 22 66 33 99
02 98 90 38 73
05 61 19 09 49
03 89 52 25 26
02 43 64 20 92
01 41 44 31 00
03 21 60 40 00
05 61 31 56 70
03 89 33 74 00
02 33 77 11 68
05 62 54 54 54
02 97 28 40 27
03 22 45 59 92
05 63 21 71 00
01 49 23 20 00
05 46 51 77 00
03 22 71 71 00
05 56 84 55 55
04 76 70 60 60
01 80 97 65 39
05 46 84 11 83
03 20 21 59 62
04 78 62 37 37
05 61 71 18 91
04 67 91 31 41
04 72 53 88 00
01 40 71 48 23
03 26 65 11 75
02 33 78 86 88
01 84 07 41 10
04 79 96 51 11
05 57 62 30 70
05 56 79 87 71
02 96 76 27 16
01 64 61 66 21
02 54 03 54 17
04 73 17 82 45
02 33 83 40 10
08 26 28 81 81
05 49 44 44 68
02 51 36 65 50
05 57 12 40 40
04 66 23 07 74
02 41 35 34 34
03 89 32 55 66
05 65 60 39 30
03 22 53 46 64
04 42 54 84 84
02 57 22 08 00
02 99 02 22 00
02 47 47 38 23
05 46 95 15 40
01 64 71 62 36
03 20 57 58 71
01 43 67 15 70
05 56 79 54 34
02 40 78 43 80
02 96 55 61 19
03 29 94 83 00
04 92 03 87 33
04 66 68 69 05
03 82 47 74 11
01 34 06 60 27
03 21 63 66 34
02 40 84 68 79
04 50 82 32 40
01 47 60 61 11
04 32 40 37 00
03 80 29 36 23
03 86 77 76 30
05 56 48 04 59
03 26 35 80 60
03 26 78 75 08
01 43 96 60 59
02 33 91 50 87
03 88 06 30 81
02 99 21 20 89
05 61 32 40 10
02 43 81 06 52
01 45 57 23 20
02 32 88 81 50
01 56 26 26 26
04 72 53 88 00
05 56 84 55 55
02 40 48 41 13
05 61 29 49 49
03 20 28 29 11
04 93 95 44 44
01 40 09 60 55
03 22 82 23 00
05 49 28 79 66
04 72 32 50 48
04 87 24 31 42
01 84 14 02 15
03 81 25 25 25
03 83 85 61 20
04 66 62 57 02
03 22 08 87 10
05 56 79 54 39
02 40 55 88 25
05 56 98 25 09
04 73 82 73 47
03 88 80 22 37
09 71 00 06 80
02 99 70 35 59
04 77 23 79 80
05 67 87 45 08
04 71 04 33 67
05 61 52 19 86
03 20 62 68 92
02 96 01 70 28
01 64 65 73 11
01 41 73 91 72
03 27 37 67 30
03 88 11 55 80
03 83 85 16 72
02 32 33 81 41
04 75 35 60 64
05 49 66 47 70
01 43 96 64 64
02 99 28 24 71
02 40 84 68 36
04 93 53 86 12
04 91 96 67 65
04 91 96 67 18
04 66 29 24 04
04 76 76 52 56
01 69 25 43 16
02 99 59 12 64
04 68 56 45 70
02 32 88 06 52
03 89 64 82 83
02 98 99 22 60
02 37 44 63 93
04 91 96 61 22
01 84 16 38 70
05 65 68 36 47
04 88 71 20 70
03 89 32 46 46
03 89 42 65 16
04 67 49 13 90
02 96 78 86 20
03 27 62 87 22
05 96 42 56 56
02 32 83 25 24
04 78 33 46 20
01 48 11 27 90
02 28 07 29 28
03 88 75 36 50
03 88 75 36 51
05 46 27 25 15
02 31 56 81 14
01 42 40 15 65
02 33 21 84 17
03 27 69 43 31
03 20 10 20 33
04 67 33 88 59
04 92 40 77 70
05 62 17 59 27
02 99 57 19 62
01 45 15 89 10
05 61 16 23 10
01 46 34 06 33
03 20 55 10 55
03 84 53 06 19
03 20 44 44 83
03 21 24 09 09
02 47 62 33 33
04 50 46 57 01
03 22 66 33 99
04 37 62 14 90
05 62 44 42 67
02 43 72 97 22
01 41 44 31 00
04 94 93 66 00
04 68 51 15 29
04 74 31 53 58
02 31 56 70 00
03 22 53 40 40
03 24 59 75 40
03 20 76 25 00
03 20 76 25 97
03 72 74 98 50
05 59 57 43 03
01 30 28 36 38
01 30 75 43 43
02 62 90 87 07
03 86 86 17 83
04 73 75 13 75
04 67 33 18 17
05 62 99 54 03
03 83 15 43 09
04 79 09 60 21
02 47 71 37 13
03 20 25 34 03
03 22 45 59 94
04 92 03 21 27
04 91 47 28 02
01 42 11 71 38
05 55 05 64 66
04 50 83 24 70
05 55 29 80 51
03 69 55 31 11
03 26 78 75 01
02 54 29 60 31
01 45 21 24 78
02 33 80 08 80
02 40 08 46 10
03 23 06 73 38
04 73 75 03 20
03 68 85 35 03
03 68 85 35 10
03 25 56 92 53
02 62 71 98 20
05 55 33 10 10
04 75 75 94 34
03 22 33 65 50
01 56 33 76 76
02 43 84 01 32
04 78 29 80 28
04 78 33 78 00
02 31 46 78 78
01 40 09 09 57
01 56 02 00 50
01 34 43 30 00
04 93 13 39 00
01 42 40 52 78
04 93 18 99 66
02 54 57 25 25
05 56 01 78 08
02 98 34 44 44
01 64 62 62 40
04 73 98 24 24
04 67 10 57 66
02 62 48 35 12
01 39 67 70 00
02 32 92 59 99
01 47 34 38 23
04 27 40 50 20
01 41 16 74 61
03 66 72 22 44
03 86 49 26 09
05 57 92 93 03
04 74 14 19 10
02 29 00 62 08
04 95 30 00 04
04 78 29 80 28
04 78 29 77 35
05 61 39 14 71
03 22 71 71 01
02 38 78 00 00
05 59 44 68 00
02 96 11 81 00
03 21 99 30 61
02 54 88 34 41
04 77 12 78 16
02 41 40 14 61
03 20 44 46 82
02 47 23 30 00
03 26 64 60 53
04 68 27 79 64
01 34 53 20 27
03 82 55 85 26
04 67 33 88 44
02 99 59 30 57
03 86 71 84 20
02 32 88 01 39
03 80 29 37 70
05 56 79 54 38
05 57 33 49 76
02 31 40 41 69
02 98 34 23 84
02 37 30 30 86
04 68 41 65 92
03 80 29 33 69
03 88 57 55 45
04 77 42 82 81
03 20 44 43 42
03 20 44 57 96
01 64 60 40 80
04 91 02 39 22
05 56 79 54 35
01 53 09 13 08
01 49 81 46 96
02 47 47 87 40
02 51 53 28 16
02 32 88 84 31
04 42 16 05 16
01 45 37 45 11
02 40 70 08 11
03 89 78 70 63
01 44 12 35 23
01 46 78 01 00
02 54 28 28 06
02 43 69 59 05
03 81 21 91 36
04 70 97 22 42
04 70 02 30 89
05 55 96 40 23
03 87 88 80 86
01 49 09 57 46
04 67 09 21 60
01 69 22 84 00
04 91 96 67 51
02 31 56 83 00
04 93 69 70 06
03 84 98 55 07
02 41 72 17 17
03 88 11 60 14
02 31 51 51 63
04 93 64 94 00
05 61 30 05 70
04 73 75 13 59
05 61 32 40 30
01 49 28 27 35
01 45 93 71 97
03 83 35 00 67
04 70 48 20 30
03 88 21 70 45
04 70 97 33 31
01 48 74 62 87
02 38 95 95 95
02 62 71 75 30
02 98 41 75 74
03 25 49 49 99
05 53 45 26 89
03 88 71 65 56
04 66 78 30 31
01 45 65 88 36
02 48 63 36 37
05 49 44 42 10
03 44 67 11 30
01 58 41 13 92
01 56 08 35 40
04 37 37 11 16
01 34 33 71 50
03 84 75 95 00
02 31 52 55 00
04 70 02 20 00
05 53 02 58 58
04 93 28 66 80
04 67 51 71 00
03 28 33 36 20
01 40 97 48 00
04 68 66 24 04
05 55 20 59 70
03 72 74 70 00
04 71 45 57 50
01 41 24 11 00
05 62 74 75 75
02 47 36 75 81
02 37 91 83 00
03 83 74 00 85
04 42 43 25 30
04 72 32 50 34
02 51 62 67 27
03 22 78 71 52
03 21 21 25 10
04 90 49 29 17
01 64 31 64 26
01 49 59 42 30
03 85 67 60 68
01 71 28 22 57
02 38 69 69 11
04 74 26 78 50
04 91 69 88 31
04 91 38 60 42
05 58 05 20 02
03 80 48 17 35
04 57 82 80 04
01 48 09 47 49
04 71 49 04 79
03 44 64 53 81
01 40 85 87 20
01 47 40 90 50
03 28 28 56 80
04 90 88 07 53
04 32 40 37 00
04 67 30 75 57
04 67 30 75 57
05 45 91 36 00
05 61 16 23 10
05 56 33 89 80
04 90 13 86 46
04 99 64 00 96
04 92 29 38 38
02 32 07 29 45
03 20 62 76 18
02 40 84 68 14
03 21 09 15 68
01 48 02 65 88
02 32 88 56 29
03 87 75 60 20
01 43 41 41 41
03 44 11 24 51
02 43 91 65 01
03 87 55 39 02
04 98 11 38 60
03 81 38 53 29
04 75 67 89 51
04 76 49 01 63
03 29 83 64 14
01 30 91 84 62
05 57 65 65 62
01 48 34 67 26
04 76 09 02 08
04 78 69 90 90
05 63 43 20 49
02 51 47 71 98
04 91 24 61 12
04 94 93 66 00
04 75 30 09 66
02 47 62 33 33
02 47 62 33 33
04 42 93 90 00
01 69 47 79 13
02 23 23 40 00
04 74 45 50 50
03 20 21 93 93
05 61 19 27 60
05 34 63 89 00
02 97 54 48 28
02 51 86 24 13
02 40 84 68 14
04 68 08 20 75
09 50 94 48 45
04 67 63 01 29
05 63 43 72 50
02 54 03 59 03
04 93 90 53 51
04 90 52 24 10
03 72 74 94 50
03 72 74 71 00
05 90 48 34 82
03 24 55 66 90
02 51 36 62 07
03 28 37 45 60
03 88 64 61 56
01 40 27 51 09
01 40 27 51 10
01 40 27 51 11
02 40 70 08 11
03 81 41 50 37
03 22 53 36 99
04 37 91 50 29
01 39 35 66 39
03 20 06 49 52
04 74 45 43 83
02 40 55 88 25
02 98 44 27 65
04 88 71 20 70
01 42 49 99 71
01 42 51 01 01
01 42 65 99 77
01 44 65 79 99
05 55 01 40 52
03 88 21 19 90
04 91 24 61 12
04 92 07 77 97
04 77 95 00 07
04 32 40 41 80
04 75 86 30 55
01 39 20 19 94
02 62 92 97 77
05 61 50 37 92
05 62 25 68 00
05 57 57 13 13
04 76 82 59 00
04 79 75 94 56
02 31 56 57 77
04 78 77 70 00
02 41 45 26 40
04 78 78 70 60
02 40 14 11 03
01 53 63 86 25
04 91 28 81 18
03 24 59 64 70
02 98 01 60 39
01 69 15 66 79
01 69 15 70 68
01 49 40 66 21
04 73 17 79 00
04 74 23 82 30
05 40 00 60 00
02 32 76 95 85
05 61 55 66 32
05 55 43 58 05
03 20 41 61 09
01 45 17 18 87
01 45 17 18 88
01 45 17 18 89
04 72 44 85 53
04 72 43 19 87
02 99 14 20 08
04 78 78 70 57
03 68 85 08 81
04 78 78 70 66
05 61 63 56 00
05 90 48 34 34
01 45 17 44 09
01 45 17 44 05
04 78 77 23 23
02 98 01 61 19
03 89 33 62 06
01 53 63 80 70
04 92 15 71 94
02 23 23 44 30
03 63 08 22 00
01 49 40 72 86
02 31 56 65 00
02 51 46 12 13
03 72 74 19 00
05 56 84 52 00
05 49 45 32 96
02 98 01 71 47
01 69 47 78 90
03 89 56 82 12
01 39 25 41 12
04 75 41 88 00
05 55 43 43 55
01 39 98 34 00
01 39 98 34 73
02 32 74 46 00
01 60 74 68 00
03 21 63 23 00
01 34 25 75 46
04 56 52 02 02
05 49 45 34 00
01 69 47 73 00
01 48 38 84 19
03 68 85 60 50
03 68 85 60 51
04 92 15 70 00
05 49 45 44 99
05 49 45 31 35
01 49 81 36 50
03 20 43 48 28
04 66 31 29 25
02 41 96 21 35
04 78 69 74 93
02 32 74 41 00
01 44 32 05 70
01 41 78 46 22
01 41 78 47 35
04 68 90 91 00
02 40 41 29 21
01 43 18 41 41
01 43 18 41 42
03 22 82 75 22
03 80 39 57 00
03 80 39 67 01
05 57 57 18 03
05 61 63 36 90
01 40 46 26 44
01 40 46 24 67
04 42 95 45 50
02 31 56 66 31
02 43 83 31 12
05 59 57 44 01
05 59 57 44 03
04 68 66 21 55
02 32 95 50 02
02 32 95 50 03
05 56 37 43 44
02 97 01 26 00
03 27 51 18 05
689 803 803
04 94 46 75 13
03 68 85 64 81
05 90 48 32 68
01 34 25 62 14
01 44 07 78 20
01 44 27 31 53
03 22 82 71 31
03 22 82 71 03
01 39 25 50 01
01 60 95 70 75
05 55 43 56 00
04 67 14 23 42
02 31 56 55 40
04 93 37 53 53
02 96 60 43 00
04 72 44 81 15
02 25 31 41 16
03 68 85 73 80
02 54 08 52 90
01 81 70 11 28
01 69 47 75 24
02 32 76 94 04
02 32 76 94 05
02 32 76 94 06
02 32 76 94 07
02 32 76 98 98
02 97 01 70 70
03 72 74 73 00
03 20 12 34 50
01 60 95 75 65
02 40 14 10 20
01 44 27 70 49
04 67 14 23 42
01 57 27 79 84
04 38 49 84 50
03 68 85 88 29
03 21 99 45 00
01 44 07 77 90
04 93 37 77 77
03 68 85 01 23
01 41 17 30 00
01 40 98 47 81
04 90 16 26 64
03 20 41 74 00
02 31 56 56 66
03 80 39 65 95
03 20 13 40 50
03 83 68 30 00
01 40 46 26 37
02 99 05 84 75
02 90 94 48 00
01 44 27 40 37
04 90 49 37 53
04 42 91 48 54
04 68 30 83 00
04 91 24 32 00
04 92 53 27 50
02 51 12 52 12
04 73 17 74 62
01 44 41 55 92
01 40 91 18 69
01 40 91 18 66
05 57 57 13 93
05 49 77 05 91
04 71 09 90 40
03 81 99 46 28
03 21 99 45 02
03 23 50 36 95
03 27 14 36 36
03 26 78 74 95
05 90 28 92 50
02 62 35 99 82
01 45 95 80 87
03 22 66 81 14
05 55 05 62 80
01 44 49 27 27
01 46 25 25 34
04 77 22 07 15
05 55 92 79 18
02 41 40 24 83
02 32 38 96 35
03 20 63 02 67
04 69 15 76 60
03 22 45 54 98
01 43 45 10 50
01 60 37 61 60
02 35 42 10 30
02 35 19 96 96
02 98 34 60 60
02 41 30 57 09
04 91 24 61 12
03 21 60 40 00
04 32 40 41 80
04 66 68 99 60
05 94 25 34 88
03 88 14 42 90
01 57 27 79 74
02 98 15 10 36
02 97 87 28 05
03 59 63 21 00
03 59 63 21 04
02 35 14 60 14
04 76 57 50 00
05 49 02 52 22
01 69 47 73 30
01 55 93 75 11 
01 55 93 75 10
06 87 29 06 00
04 78 78 70 92
05 61 63 35 00
03 20 88 73 50
04 83 36 63 10
02 33 01 40 03
03 72 74 20 45
04 94 68 63 96
02 23 23 77 77
01 49 40 44 75
01 60 95 70 51
04 76 63 58 27
04 72 44 80 91
05 49 24 94 88
05 49 24 45 47
01 43 18 41 63
01 43 18 41 65
01 49 40 35 65
05 96 72 73 80
05 59 40 80 80
05 59 40 80 00
01 40 77 95 00
04 92 15 70 63
04 78 78 78 78
03 20 41 63 40
03 20 62 37 37
03 68 85 64 60
05 53 53 24 65
04 78 77 23 23
04 72 44 82 83
05 57 57 12 00
03 68 85 73 80
02 32 74 42 00
04 91 82 93 89
03 22 82 73 25
01 55 20 58 58
02 32 74 43 00
01 45 87 78 08
01 45 87 79 07
01 45 87 41 22
02 41 22 69 50
03 72 74 76 00
04 73 17 76 03
05 90 48 31 56
01 44 39 52 51
05 49 45 45 45
01 53 10 46 00
02 31 56 82 00
02 23 23 63 02
04 78 78 75 06
04 50 09 24 00
02 98 01 64 73
03 68 85 18 10
04 78 77 23 23
03 26 91 38 90
01 40 91 17 00
01 69 47 70 97
03 21 46 36 00
02 31 56 59 40
03 68 85 68 47
05 53 77 57 09
02 41 22 64 21
05 55 14 96 00
02 23 23 78 93
01 57 27 79 88
03 27 51 76 03
03 21 99 43 00
01 40 97 77 59
03 68 85 42 82
01 34 25 60 00
04 78 77 43 02
02 23 23 39 00
04 78 69 73 05
01 53 55 28 00
05 40 00 61 45
01 57 27 57 80
02 47 36 67 35
01 44 05 42 05
03 20 90 77 26
04 94 46 75 00
04 67 14 23 42
01 34 25 65 70
04 77 44 89 00
02 48 23 82 42
01 69 33 60 00
01 45 17 17 01
02 31 66 28 60
04 83 36 63 91
01 69 47 73 67
04 76 82 53 00
04 42 64 56 63
01 34 25 68 30
01 69 47 72 20
04 97 25 82 00
03 72 74 98 80
04 94 60 63 70
02 97 62 64 64
04 97 25 82 00
02 35 14 60 14
04 77 71 24 80
04 68 66 21 27
01 55 76 16 16
04 75 41 97 70
05 96 72 73 77
03 80 73 45 90
05 40 00 66 41
01 40 46 26 29
01 40 46 26 30
04 73 17 77 00
01 53 10 24 79
01 53 10 24 70
01 40 97 59 70
01 40 97 76 68
01 43 18 41 04
01 43 18 41 13
04 77 46 33 00
02 96 60 96 60
02 62 93 81 49
03 72 74 16 40
01 40 51 25 23
01 53 09 56 02
01 43 18 41 37
01 53 09 56 14
01 53 09 56 15
01 53 09 56 16
04 13 55 32 40
04 67 14 21 01
04 91 24 32 00
02 40 14 10 39
05 46 50 76 00
05 46 45 85 28
05 57 57 18 08
05 57 57 18 64
04 73 17 79 79
04 73 17 79 79
03 22 82 54 63
03 21 31 36 61
03 28 51 94 40
02 40 14 10 03
05 55 86 48 00
05 62 88 90 42
03 20 43 42 34
01 44 41 57 98
01 44 41 55 82
02 43 59 17 89
03 20 41 61 70
03 20 41 62 37
03 21 79 17 00
03 21 79 17 45
03 68 85 88 00
04 26 23 59 05
03 20 13 41 57
01 57 27 64 00
04 91 78 46 70
02 97 88 05 50
01 42 86 22 33
01 60 95 75 72
05 61 02 19 74
02 31 56 62 81
01 44 27 72 02
04 90 16 29 58
01 69 15 31 21
02 62 57 95 50
04 75 36 76 52
05 90 80 99 90
05 45 38 65 76
02 99 14 16 03
05 63 48 19 50
05 65 73 36 50
04 92 96 51 16
05 63 91 88 50
03 22 82 54 69
02 99 33 15 74
05 49 44 44 68
03 83 85 15 61
05 46 45 51 30
04 92 25 28 00
01 44 54 24 24
01 44 85 28 00
01 40 97 98 66
04 90 84 14 00
01 49 40 61 00
04 72 69 20 00
02 44 68 88 75
04 67 11 60 00
05 62 44 42 00
01 69 56 56 29
02 31 48 44 00
04 78 77 24 50
03 81 66 68 21 
03 81 66 68 22
04 92 53 78 27
04 42 98 08 60
01 48 70 37 00
05 94 32 80 00
03 44 06 88 62
04 73 17 70 01
02 40 30 60 90
03 68 85 89 10
03 72 74 99 00
03 21 79 32 32
03 21 79 32 34
03 23 76 40 20
03 23 26 01 48
02 98 01 60 50
04 68 90 91 01
05 65 50 30 60
04 76 28 45 09
02 40 17 81 59
03 72 74 98 30
04 72 65 53 53
03 72 74 18 00
02 43 83 34 11
03 68 85 25 72
05 56 84 57 57
04 78 76 73 35
03 20 62 53 85
04 79 72 95 70
04 91 76 99 00
03 20 51 37 11
01 30 75 62 96
04 72 71 56 46
01 60 79 47 47
01 39 23 15 50
04 76 17 18 00
03 22 82 73 74
04 67 14 38 65
04 92 07 69 96
01 44 41 56 32
02 48 27 27 30
05 49 45 43 43
04 77 42 13 05
01 45 87 42 49
05 59 40 81 00
05 46 45 68 00
01 40 97 56 05
02 98 01 63 22
02 33 01 40 03
01 57 27 79 80
04 78 69 71 69
01 40 97 49 99
01 44 27 43 07
03 80 39 56 06
05 96 72 74 50
03 20 13 41 00
02 40 14 16 11
04 77 42 13 60
01 44 41 55 50
03 68 85 68 35
04 94 14 23 74
03 81 66 53 10
01 44 39 52 82
02 35 14 64 66
01 44 07 78 12
02 53 48 00 99
04 78 77 44 18
05 56 84 85 10
02 40 14 15 15
01 40 97 75 14
01 53 10 58 30
02 44 68 81 00
01 40 97 48 23
01 40 97 48 98
01 44 39 86 60
03 80 39 56 00
03 21 60 37 25
03 21 60 37 23
02 38 41 71 01
01 44 05 43 40
04 94 14 28 99
03 22 82 71 28
01 57 27 63 87
03 22 82 77 55
01 45 87 42 61
01 45 87 48 97
03 20 41 63 68
04 76 63 71 00
03 27 51 76 31
01 57 27 79 87
05 61 63 35 00
03 20 41 73 11
05 45 25 18 50
05 62 56 61 00
03 89 33 63 81
05 40 00 62 17
01 57 27 84 92
05 57 57 30 01
04 72 43 19 17
03 72 74 80 00
04 68 66 21 73
03 26 91 38 26
01 49 40 65 92
05 96 72 73 40
04 73 40 64 63
03 26 91 38 16
01 44 39 60 29
02 41 22 66 00
04 78 77 43 02
05 61 36 89 66
03 68 85 67 49
03 27 53 17 79
02 96 60 43 10
03 72 74 17 43
04 73 40 75 35
02 62 57 95 50
03 27 72 33 00
02 23 23 35 45
03 68 85 35 11
04 90 84 35 00
04 91 17 04 10
03 68 85 80 41
02 43 83 32 01
03 21 99 41 00
04 34 43 20 00
01 40 46 29 20
04 66 02 81 81
03 68 85 64 22
03 68 85 64 23
01 53 63 86 30
01 49 40 66 32
01 39 25 53 13
01 44 05 41 65
03 21 60 38 29
03 21 60 38 98
05 90 48 33 33
04 67 14 23 42
03 20 90 77 26
02 62 21 16 26
02 62 93 83 05
05 61 50 45 43
01 43 94 73 27
01 57 27 71 88
03 26 91 80 75
05 45 25 18 60
04 67 14 23 42
01 49 40 38 75
01 49 40 32 77
01 40 46 26 40
04 68 66 22 62
03 20 62 15 59
01 53 73 79 91
01 53 73 41 41
01 53 73 71 41
04 78 77 43 02
04 30 19 23 07
01 56 56 12 06
03 86 71 61 90
04 76 82 59 27
04 73 17 73 00
03 27 51 76 00
01 53 09 56 34
03 21 38 87 00
03 26 91 81 83
05 53 77 57 01
05 56 84 86 07
05 61 50 43 11
04 77 42 13 24
05 59 40 80 48
01 41 51 12 22
03 21 19 06 00
02 32 29 15 03
01 60 95 85 85
02 32 14 60 14
04 97 06 61 20
05 45 67 32 07
05 49 79 99 00
01 69 47 72 30
01 48 38 88 42
04 76 82 20 00
04 77 42 13 70
02 23 23 43 41
04 83 36 63 28
01 57 27 58 00
03 83 68 29 50
02 31 56 73 10
05 59 40 72 17
03 27 94 50 50
04 92 53 27 55
03 27 51 15 92
04 72 44 85 82
03 28 23 70 00
05 61 53 96 02